LINESTRING
24793,8059,306.106,-2.01778
24790,8094,305.904,-2.38444
24789,8103,305.473,-2.47333
24788,8097,305.174,-2.41222
24787,8104,305.022,-2.47694
24781,8169,304.854,-3.155
24775,8214,304.604,-3.62139
24779,8183,304.679,-3.30278
24781,8164,304.815,-3.10194
24783,8148,304.768,-2.93333
24788,8089,304.968,-2.3225
24787,8095,304.819,-2.38417
24786,8106,304.776,-2.50111
24787,8093,304.787,-2.36611
24789,8082,305.076,-2.24639
24788,8094,305.079,-2.37528
24789,8083,305.174,-2.26
24790,8073,305.104,-2.15778
24787,8087,304.629,-2.2975
24786,8082,304.357,-2.24139
24788,8076,304.637,-2.18194
24786,8076,304.317,-2.18083
24786,8074,304.36,-2.15889
24786,8073,304.272,-2.14944
24786,8068,304.303,-2.09639
24789,8078,304.868,-2.20556
24788,8050,304.393,-1.91611
24784,8068,303.907,-2.10083
24778,8109,303.501,-2.52417
24776,8117,303.327,-2.60389
24773,8110,302.97,-2.52917
24771,8120,302.814,-2.63139
24770,8099,302.58,-2.41083
24769,8099,302.471,-2.41472
24763,8133,302.226,-2.7575
24758,8145,301.907,-2.88167
24754,8177,301.806,-3.20722
24750,8173,301.508,-3.17111
24746,8193,301.37,-3.37472
24742,8196,301.149,-3.40083
24741,8183,301.001,-3.26592
24739,8185,300.842,-3.28806
24734,8171,300.502,-3.13917
24733,8177,300.478,-3.20111
24733,8170,300.395,-3.13278
24729,8176,300.223,-3.18806
24732,8167,300.333,-3.10056
24730,8166,300.23,-3.08889
24727,8170,300.111,-3.13
24727,8177,300.138,-3.20028
24725,8185,300.052,-3.27972
24720,8192,299.848,-3.34861
24710,8193,299.341,-3.3575
24703,8220,299.115,-3.63139
24692,8220,298.623,-3.62083
24677,8255,298.186,-3.98028
24674,8254,298.038,-3.96389
24666,8228,297.614,-3.69417
24666,8242,297.661,-3.83944
24654,8249,297.253,-3.9125
24643,8267,296.926,-4.08639
24636,8267,296.686,-4.09056
24632,8288,296.643,-4.29611
24625,8306,296.475,-4.47972
24632,8283,296.614,-4.24556
24633,8271,296.606,-4.12944
24624,8282,296.347,-4.2375
24630,8268,296.502,-4.09806
24627,8268,296.386,-4.09028
24641,8260,296.826,-4.01611
24642,8254,296.826,-3.95611
24620,8242,296.04,-3.82056
24601,8197,295.315,-3.35944
24596,8218,295.214,-3.57611
24597,8199,295.193,-3.37611
24601,8192,295.281,-3.30806
24587,8138,294.728,-2.76194
24563,8112,294.009,-2.48917
24557,8111,293.835,-2.47611
24554,8122,293.8,-2.59278
24551,8125,293.721,-2.62306
24540,8117,293.408,-2.53306
24532,8132,293.234,-2.68333
24522,8137,293.009,-2.73833
24508,8119,292.635,-2.54944
24506,8130,292.601,-2.65639
24491,8145,292.279,-2.8125
24483,8162,292.118,-2.97556
24479,8202,292.119,-3.37944
24466,8213,291.854,-3.48861
24416,8210,290.75,-3.44667
24409,8223,290.634,-3.58333
24410,8233,290.676,-3.68194
24395,8258,290.412,-3.93389
24404,8272,290.636,-4.07667
24387,8295,290.345,-4.29611
24373,8304,290.092,-4.38611
24367,8301,289.968,-4.35556
24371,8288,290.016,-4.22475
24363,8270,289.795,-4.03861
24360,8253,289.713,-3.87111
24350,8255,289.505,-3.89528
24347,8261,289.471,-3.95472
24347,8253,289.456,-3.86778
24321,8256,288.964,-3.89528
24315,8240,288.819,-3.73722
24300,8241,288.545,-3.74472
24289,8220,288.291,-3.53
24286,8186,288.191,-3.19167
24261,8209,287.788,-3.41861
24240,8204,287.408,-3.36222
24215,8214,286.991,-3.46
24237,8197,287.335,-3.29
24224,8189,287.109,-3.21318
24231,8192,287.234,-3.2413
24239,8193,287.363,-3.25472
24235,8201,287.316,-3.33583
24255,8208,287.669,-3.40028
24286,8183,288.18,-3.15917
24292,8197,288.31,-3.29778
24292,8221,288.348,-3.5375
24301,8239,288.55,-3.72139
24313,8234,288.772,-3.67611
24326,8254,289.049,-3.87611
24329,8248,289.091,-3.81694
24335,8253,289.211,-3.8667
24362,8245,289.725,-3.79639
24373,8293,290.066,-4.27861
24378,8298,290.181,-4.33111
24402,8273,290.602,-4.08056
24392,8260,290.364,-3.94861
24415,8207,290.725,-3.41889
24449,8210,291.456,-3.46083
24455,8204,291.589,-3.40167
24460,8210,291.695,-3.46139
24476,8202,292.046,-3.38278
24480,8189,292.116,-3.255
24475,8176,291.966,-3.12417
24489,8146,292.225,-2.81583
24499,8137,292.437,-2.72972
24509,8116,292.637,-2.51861
24526,8132,293.085,-2.68833
24532,8127,293.239,-2.63333
24536,8110,293.315,-2.46778
24544,8109,293.507,-2.45861
24553,8122,293.754,-2.58389
24558,8104,293.867,-2.40583
24560,8111,293.93,-2.47361
24566,8107,294.074,-2.43694
24574,8122,294.326,-2.59173
24585,8104,294.604,-2.41278
24587,8115,294.686,-2.52556
24583,8133,294.613,-2.70833
24589,8135,294.778,-2.72889
24593,8160,294.97,-2.98236
24607,8194,295.461,-3.32944
24610,8216,295.628,-3.55389
24621,8232,296.041,-3.72361
24622,8240,296.094,-3.80556
24628,8245,296.31,-3.86278
24634,8242,296.497,-3.82694
24642,8252,296.828,-3.93694
24643,8264,296.931,-4.05833
24649,8250,297.082,-3.91528
24660,8243,297.459,-3.84972
24666,8226,297.613,-3.67361
24675,8250,298.086,-3.92611
24682,8243,298.335,-3.85528
24692,8217,298.606,-3.59778
24701,8217,299.037,-3.59639
24710,8190,299.311,-3.31944
24705,8195,299.113,-3.37139
24706,8187,299.137,-3.29472
24710,8184,299.288,-3.26639
24708,8174,299.168,-3.16
24712,8189,299.421,-3.31667
24721,8188,299.859,-3.30583
24726,8177,300.085,-3.19306
24715,8161,299.419,-3.03167
24709,8111,298.945,-2.51167
24710,8088,298.919,-2.27361
24708,8063,298.751,-2.02083
24703,8049,298.506,-1.87778
24705,8035,298.529,-1.73139
24702,8009,298.379,-1.46056
24693,8003,297.963,-1.4
24675,7973,297.259,-1.09056
24669,7955,297.014,-0.906389
24668,7939,296.966,-0.748333
24655,7919,296.501,-0.541389
24651,7906,296.372,-0.410833
24647,7900,296.216,-0.346944
24635,7900,295.833,-0.351944
24617,7914,295.296,-0.490556
24614,7911,295.196,-0.459167
24610,7919,295.069,-0.543333
24605,7908,294.938,-0.428056
24599,7910,294.767,-0.450833
24588,7896,294.446,-0.311178
24576,7893,294.112,-0.272778
24573,7899,294.043,-0.339167
24563,7899,293.769,-0.333889
24559,7906,293.654,-0.402222
24562,7896,293.752,-0.310833
24573,7898,294.021,-0.323056
24577,7889,294.149,-0.240556
24612,7909,295.148,-0.438333
24638,7890,295.93,-0.245278
24650,7895,296.31,-0.293611
24659,7919,296.628,-0.541944
24669,7930,296.992,-0.654444
24674,7951,297.187,-0.87
24685,7975,297.609,-1.11722
24695,7986,298.04,-1.22667
24697,8001,298.141,-1.38639
24700,7999,298.251,-1.35722
24703,8005,298.406,-1.42667
24706,8050,298.637,-1.88306
24710,8071,298.869,-2.09944
24711,8099,299.013,-2.39111
24717,8130,299.4,-2.705
24718,8153,299.524,-2.94778
24720,8163,299.68,-3.04972
24724,8162,299.861,-3.03833
24725,8173,299.997,-3.15583
24732,8163,300.32,-3.05472
24744,8188,301.215,-3.32028
24750,8170,301.509,-3.13667
24753,8175,301.761,-3.18778
24758,8144,301.874,-2.87222
24763,8130,302.2,-2.72583
24768,8098,302.425,-2.40306
24770,8095,302.544,-2.37222
24771,8106,302.702,-2.48028
24776,8114,303.328,-2.5675
24778,8103,303.507,-2.45556
24780,8085,303.603,-2.27333
24783,8073,303.808,-2.15278
24785,8053,303.959,-1.94139
24787,8055,304.231,-1.96639
24788,8047,304.429,-1.8875
24789,8072,304.828,-2.14444
24791,8056,305.121,-1.98139
24791,8069,305.468,-2.11528
24789,8094,305.364,-2.38
24789,8100,305.399,-2.43972
24790,8094,305.747,-2.38111
24791,8085,305.9,-2.28389
24792,8063,305.939,-2.06222
LINESTRING
24793,8051,306.241,-1.93611
24793,8059,306.117,-2.01611
LINESTRING
20878,3928,273.771,42.9997
20928,3964,273.729,42.4597
20953,4000,273.38,41.9122
20945,4014,273.011,41.6917
20918,4015,272.602,41.6372
20891,4004,272.431,41.7719
20827,3970,272.182,42.2408
20779,3933,272.235,42.7864
20725,3901,272.09,43.2339
20698,3873,272.293,43.6772
20673,3856,272.273,43.9181
20664,3840,272.494,44.1844
20646,3830,272.449,44.3256
20618,3801,272.673,44.7819
20599,3794,272.556,44.8892
20591,3795,272.406,44.8511
20595,3814,272.055,44.5381
20583,3811,271.955,44.5764
20574,3802,272.011,44.7169
20563,3788,272.164,44.9428
20573,3785,272.362,44.9972
20559,3775,272.398,45.1631
20530,3730,273.021,45.92
20554,3745,273.026,45.6842
20551,3734,273.23,45.8706
20565,3734,273.45,45.8906
20575,3741,273.436,45.7786
20574,3746,273.286,45.6847
20588,3752,273.376,45.605
20579,3733,273.72,45.94
20620,3734,274.326,45.9742
20617,3727,274.471,46.1014
20661,3735,274.985,46.0211
20697,3748,275.247,45.8508
20684,3735,275.357,46.0561
20699,3741,275.472,45.9808
20743,3746,276.096,45.9697
20717,3734,275.971,46.1425
20694,3728,275.738,46.2081
20694,3726,275.821,46.2567
20659,3709,275.677,46.4981
20651,3713,275.438,46.4197
20637,3708,275.346,46.4944
20611,3705,274.976,46.4917
20585,3687,275.044,46.7853
20558,3690,274.499,46.6836
20512,3686,273.855,46.6856
20502,3699,273.353,46.4308
20463,3690,272.987,46.5489
20442,3690,272.65,46.5117
20394,3670,272.394,46.8008
20368,3663,272.183,46.9042
20346,3659,271.919,46.9292
20339,3664,271.705,46.8303
20335,3656,271.838,46.9708
20332,3667,271.516,46.765
20312,3654,271.556,46.9897
20272,3637,271.351,47.2344
20256,3655,270.677,46.8831
20224,3656,270.198,46.8289
20199,3668,269.552,46.5683
20161,3658,269.245,46.7017
20155,3663,269.05,46.6019
20142,3646,269.241,46.8964
20127,3641,269.138,46.9667
20078,3652,268.225,46.7083
20059,3651,267.988,46.6972
20044,3646,267.89,46.7686
20069,3602,269.213,47.6133
20129,3583,270.538,48.0444
20127,3574,270.736,48.2039
20108,3558,270.861,48.4844
20127,3555,271.241,48.5806
20140,3570,271.061,48.3144
20149,3568,271.254,48.3661
20119,3540,271.52,48.8544
20141,3547,271.686,48.7606
20145,3558,271.444,48.5461
20157,3565,271.44,48.4303
20151,3557,271.57,48.5736
20159,3557,271.688,48.5817
20150,3553,271.668,48.6572
20164,3556,271.796,48.6067
20152,3546,271.894,48.7933
20133,3540,271.746,48.8722
20120,3533,271.743,48.9975
20134,3533,271.964,49.0222
20213,3552,272.71,48.7675
20272,3557,273.565,48.7772
20350,3591,273.869,48.2414
20396,3608,274.14,47.9853
20423,3613,274.443,47.9256
20469,3616,275.151,47.9528
20493,3636,274.972,47.6114
20558,3658,275.421,47.2889
20576,3676,275.219,46.9861
20616,3685,275.649,46.8828
20609,3687,275.456,46.825
20622,3695,275.452,46.6994
20622,3692,275.534,46.7583
20631,3696,275.578,46.6961
20634,3703,275.41,46.5658
20648,3709,275.483,46.4822
20664,3707,275.827,46.5525
20675,3711,275.925,46.5036
20696,3722,275.95,46.3261
20779,3738,276.952,46.1769
20825,3741,277.678,46.1903
20845,3747,277.865,46.1169
20873,3751,278.286,46.1042
20880,3756,278.239,46.0131
20877,3750,278.379,46.1231
20889,3755,278.457,46.06
20884,3757,278.299,46.0142
20893,3756,278.496,46.0417
20893,3761,278.33,45.9464
20896,3758,278.509,46.0206
20918,3763,278.749,45.9575
20917,3760,278.839,46.0158
20927,3766,278.845,45.9258
20946,3766,279.193,45.9508
21007,3793,279.499,45.5694
21009,3791,279.6,45.6067
21036,3806,279.65,45.3828
21031,3803,279.664,45.4356
21048,3809,279.767,45.3411
21054,3808,279.941,45.3828
21065,3817,279.871,45.2375
21084,3824,280.011,45.1483
21084,3827,279.924,45.0944
21116,3839,280.171,44.9361
21132,3847,280.216,44.8175
21131,3843,280.317,44.8792
21146,3852,280.34,44.7517
21131,3849,280.122,44.7683
21117,3842,280.054,44.8656
21112,3844,279.896,44.82
21134,3854,280.013,44.6828
21151,3868,279.91,44.4681
21104,3855,279.416,44.6122
21088,3847,279.35,44.7261
21084,3854,279.066,44.5933
21066,3841,279.107,44.7911
21054,3842,278.867,44.7581
21044,3829,279.051,44.9636
21037,3832,278.85,44.9114
21034,3829,278.89,44.9603
21021,3825,278.746,45.0017
20999,3814,278.674,45.1575
20992,3809,278.716,45.2492
20964,3805,278.305,45.2647
21018,3826,278.65,44.9731
21060,3850,278.734,44.6233
21086,3883,278.255,44.0839
21163,3932,278.254,43.3458
21162,3948,277.824,43.0717
21152,3950,277.585,43.0153
21057,3896,277.37,43.7906
21022,3880,277.207,44.0206
21007,3876,277.047,44.0669
20991,3883,276.603,43.9214
20998,3885,276.661,43.8944
21007,3896,276.527,43.7164
21005,3903,276.328,43.6017
20972,3892,276.054,43.73
20952,3875,276.146,43.9917
20964,3873,276.406,44.0561
20947,3860,276.461,44.2553
20953,3856,276.667,44.3356
20904,3824,276.696,44.8242
20875,3811,276.539,45.0061
20871,3806,276.588,45.0744
20884,3810,276.733,45.0375
20851,3793,276.611,45.2811
20778,3774,275.891,45.5083
20746,3762,275.679,45.6717
20736,3762,275.525,45.6644
20702,3751,275.237,45.8039
20689,3751,275.01,45.7733
20697,3755,275.058,45.7247
20706,3766,274.894,45.5283
20732,3775,275.088,45.4114
20713,3782,274.614,45.2678
20740,3799,274.605,44.9936
20753,3813,274.472,44.7717
20733,3799,274.505,44.9972
20746,3812,274.386,44.7822
20735,3807,274.344,44.8561
20706,3784,274.444,45.2175
20713,3799,274.172,44.9536
20699,3800,273.925,44.9131
20714,3811,273.908,44.7475
20706,3813,273.735,44.7006
20740,3835,273.733,44.3653
20750,3853,273.475,44.0722
20783,3871,273.57,43.8092
20791,3882,273.454,43.6417
20844,3910,273.647,43.2503
20850,3909,273.748,43.2664
20848,3912,273.671,43.2253
20877,3927,273.766,43.005
LINESTRING
20562,3365,295.567,54.7747
20585,3373,295.753,54.6353
20601,3380,295.628,54.4944
20645,3396,296.079,54.2453
20671,3406,296.216,54.0747
20680,3409,296.44,54.0467
20667,3404,296.255,54.115
20682,3409,296.662,54.0758
20678,3407,296.757,54.1194
20670,3404,296.598,54.1503
20677,3406,296.828,54.1383
20682,3408,296.932,54.1169
20684,3409,296.736,54.0739
20699,3415,296.932,53.9947
20700,3416,296.752,53.9506
20687,3411,296.471,54.005
20690,3411,296.799,54.0375
20680,3409,296.326,54.0308
20703,3417,296.644,53.9128
20695,3416,295.905,53.8375
20669,3406,295.849,54.0236
20645,3398,295.316,54.1103
20658,3403,295.411,54.025
20669,3408,295.261,53.9142
20663,3407,294.878,53.8833
20679,3413,294.955,53.7792
20665,3408,294.727,53.8378
20673,3411,294.777,53.7872
20675,3413,294.665,53.7489
20688,3417,294.842,53.6872
20697,3421,294.78,53.6125
20714,3427,294.924,53.5108
20698,3421,294.77,53.5967
20711,3427,294.714,53.4914
20728,3432,295.03,53.4256
20712,3428,294.578,53.455
20693,3421,294.395,53.5631
20704,3424,294.616,53.5247
20693,3420,294.566,53.5928
20697,3421,294.702,53.5947
20673,3412,294.536,53.7411
20686,3417,294.685,53.6753
20670,3411,294.582,53.7731
20673,3411,294.702,53.7781
20656,3405,294.688,53.9006
20645,3401,294.481,53.94
20637,3398,294.423,53.9931
20646,3401,294.53,53.9475
20644,3400,294.568,53.9694
20617,3390,294.323,54.1261
20619,3392,294.228,54.0889
20532,3360,293.521,54.5956
20574,3376,293.823,54.3428
20564,3373,293.519,54.3567
20580,3378,293.679,54.2697
20573,3377,293.538,54.2886
20601,3387,293.695,54.11
20582,3380,293.528,54.2231
20552,3369,293.405,54.4242
20557,3370,293.542,54.4117
20537,3363,293.373,54.5281
20544,3365,293.506,54.5044
20525,3359,293.297,54.6022
20536,3362,293.455,54.5492
20524,3358,293.338,54.6164
20527,3358,293.517,54.6358
20503,3349,293.481,54.8069
20517,3354,293.671,54.7397
20488,3344,293.386,54.9025
20476,3339,293.327,54.9789
20482,3341,293.469,54.9625
20466,3336,293.347,55.0558
20484,3341,293.579,54.9717
20460,3333,293.46,55.1233
20488,3343,293.707,54.9664
20487,3342,293.586,54.9514
20499,3347,293.659,54.8769
20491,3344,293.557,54.9128
20508,3350,293.616,54.8008
20490,3344,293.447,54.8958
20519,3355,293.693,54.7319
20516,3354,293.572,54.7283
20528,3358,293.611,54.65
20557,3368,293.885,54.4881
20527,3358,293.546,54.6419
20536,3362,293.604,54.5831
20646,3401,294.64,53.9669
20635,3396,294.585,54.0431
20653,3403,294.848,53.9533
20647,3400,294.957,54.0236
20629,3393,294.738,54.1189
20654,3402,295.27,54.0294
20630,3393,295.007,54.1586
20588,3377,294.876,54.4522
20582,3375,294.688,54.4592
20557,3365,294.737,54.6572
20560,3366,294.872,54.6594
20574,3372,294.767,54.5333
20585,3375,294.914,54.4833
20636,3395,295.113,54.1358
20645,3398,295.369,54.1158
20636,3394,295.364,54.1861
20644,3397,295.528,54.1556
20635,3393,295.496,54.2147
20650,3399,295.693,54.1403
20650,3398,295.838,54.1675
20629,3390,295.684,54.2981
20631,3392,295.494,54.2442
20585,3373,295.661,54.6231
LINESTRING
16147,2693,236.508,65.1633
16188,2691,237.136,65.2617
16195,2689,237.27,65.3483
16175,2685,237.058,65.4903
16211,2681,237.649,65.6383
16220,2678,237.86,65.7839
16187,2673,237.469,65.95
16169,2672,237.214,65.9664
16197,2671,237.649,66.0119
16261,2675,238.532,65.9303
16271,2671,238.771,66.0792
16248,2670,238.438,66.0969
16216,2665,238.067,66.2539
16143,2664,236.991,66.255
16143,2670,236.882,66.04
16128,2666,236.725,66.1708
16090,2667,236.14,66.1
16064,2665,235.809,66.1761
16038,2665,235.419,66.1533
16045,2669,235.447,66.0086
16030,2667,235.26,66.0467
16031,2671,235.21,65.9089
16002,2665,234.881,66.1344
16006,2660,235.024,66.3067
16043,2662,235.53,66.2467
16051,2659,235.703,66.3656
16074,2661,236.005,66.3097
16123,2656,236.834,66.5283
16130,2658,236.912,66.4611
16140,2656,237.106,66.5486
16168,2657,237.526,66.5564
16165,2655,237.499,66.6078
16178,2657,237.664,66.5575
16231,2653,238.554,66.7267
16244,2650,238.834,66.8658
16325,2648,240.194,67.0469
16330,2649,240.222,66.9758
16352,2649,240.572,66.9933
16348,2650,240.481,66.9483
16388,2653,241.047,66.8747
16321,2657,239.88,66.665
16311,2664,239.548,66.3783
16332,2664,239.867,66.405
16353,2666,240.13,66.3228
16366,2666,240.357,66.3656
16357,2666,240.194,66.3256
16370,2667,240.377,66.3006
16440,2668,241.442,66.3311
16462,2665,241.872,66.4631
16454,2666,241.72,66.4347
16460,2662,241.929,66.5833
16486,2661,242.396,66.6747
16480,2667,242.097,66.4103
16500,2666,242.457,66.4894
16507,2667,242.536,66.4414
16497,2674,242.174,66.1756
16506,2674,242.311,66.1764
16487,2675,241.974,66.0967
16508,2678,242.224,66.0261
16484,2677,241.87,66.0186
16483,2682,241.734,65.8547
16498,2684,241.909,65.7942
16516,2682,242.219,65.8564
16505,2684,242.001,65.7797
16520,2686,242.193,65.7242
16473,2686,241.464,65.6786
16477,2688,241.488,65.6219
16441,2682,241.071,65.7919
16389,2681,240.309,65.7939
16386,2682,240.236,65.7417
16399,2684,240.407,65.7075
16368,2685,239.897,65.6217
16415,2691,240.456,65.4314
16425,2695,240.525,65.3217
16395,2694,240.115,65.3367
16390,2697,239.948,65.1911
16332,2703,238.976,64.9308
16326,2707,238.823,64.8103
16312,2706,238.635,64.815
16298,2703,238.495,64.9361
16326,2702,238.916,64.9811
16328,2698,239.017,65.115
16351,2694,239.442,65.2667
16359,2690,239.643,65.4267
16348,2686,239.592,65.5858
16321,2685,239.205,65.6036
16278,2690,238.472,65.39
16286,2698,238.411,65.075
16259,2702,237.961,64.9389
16147,2694,236.509,65.1603
LINESTRING
16984,2848,244.978,60.8878
16912,2848,244.044,60.8408
16855,2840,243.462,61.0272
16797,2837,242.764,61.0711
16750,2827,242.316,61.3025
16805,2834,242.911,61.1431
16832,2833,243.292,61.2147
16822,2829,243.243,61.3244
16870,2832,243.807,61.2678
16894,2836,244.039,61.1725
16886,2833,243.976,61.2322
16895,2831,244.151,61.31
16875,2828,243.939,61.3742
16899,2827,244.289,61.4356
16890,2824,244.235,61.5228
16895,2816,244.454,61.7492
16933,2818,244.939,61.7325
16960,2814,245.379,61.8556
16914,2805,244.957,62.0897
16907,2802,244.939,62.1914
16885,2800,244.671,62.2256
16876,2791,244.742,62.4794
16843,2791,244.301,62.4783
16839,2788,244.305,62.5533
16804,2782,243.947,62.7036
16804,2780,244.008,62.7792
16831,2783,244.306,62.6994
16827,2784,244.227,62.6558
16867,2787,244.714,62.6081
16925,2797,245.297,62.3631
16954,2796,245.731,62.4125
16961,2799,245.744,62.3194
17009,2806,246.251,62.1553
17014,2808,246.259,62.0861
17052,2813,246.681,61.9897
17114,2812,247.583,62.0736
17146,2803,248.287,62.3803
17146,2793,248.559,62.695
17183,2788,249.284,62.9206
17254,2790,250.295,62.9211
17315,2796,251.03,62.8022
17308,2799,250.849,62.7189
17320,2797,251.099,62.7997
17309,2803,250.71,62.5761
17305,2799,250.787,62.6969
17244,2793,250.047,62.8206
17193,2791,249.342,62.8278
17189,2792,249.258,62.7942
17202,2793,249.415,62.7689
17153,2796,248.609,62.6319
17151,2804,248.329,62.3592
17163,2797,248.722,62.6119
17216,2797,249.502,62.6603
17209,2793,249.529,62.7958
17265,2797,250.252,62.7281
17219,2794,249.628,62.7472
17220,2796,249.579,62.6819
17274,2799,250.317,62.6656
17257,2802,249.964,62.555
17205,2800,249.229,62.5392
17218,2803,249.359,62.4878
17238,2802,249.682,62.5375
17219,2804,249.326,62.4292
17270,2802,250.15,62.5553
17236,2807,249.521,62.3836
17251,2808,249.702,62.3644
17194,2805,248.938,62.3806
17168,2815,248.284,62.0514
17185,2815,248.535,62.0739
17159,2829,247.794,61.6133
17118,2835,247.066,61.3839
17098,2831,246.881,61.4861
17066,2836,246.335,61.3111
17069,2841,246.253,61.1653
17082,2844,246.38,61.1033
17078,2847,246.258,61.0086
17058,2848,245.962,60.9658
17041,2846,245.779,61.0125
16984,2849,244.973,60.8819
LINESTRING
24457,7251,292.54,6.19806
24464,7225,292.84,6.46306
24462,7190,292.951,6.82528
24452,7159,292.886,7.13472
24468,7141,293.383,7.32778
24468,7117,293.526,7.58111
24471,7108,293.659,7.6675
24487,7105,294.089,7.70806
24489,7090,294.258,7.87083
24494,7084,294.448,7.93139
24511,7092,294.868,7.85833
24526,7110,295.18,7.68056
24533,7101,295.484,7.785
24527,7085,295.41,7.93806
24529,7077,295.516,8.03194
24532,7080,295.612,8.00139
24535,7071,295.777,8.09694
24546,7084,296.004,7.96667
24547,7066,296.189,8.15472
24556,7065,296.519,8.16917
24561,7050,296.835,8.33194
24570,7057,297.091,8.27056
24574,7033,297.448,8.52139
24579,7027,297.744,8.59528
24578,7000,297.992,8.87917
24574,6991,297.904,8.96194
24572,6982,297.929,9.05583
24563,6975,297.662,9.13111
24557,6955,297.646,9.33199
24549,6937,297.543,9.52056
24545,6915,297.628,9.74583
24548,6919,297.681,9.70583
24549,6934,297.571,9.55028
24554,6948,297.612,9.40972
24559,6958,297.685,9.30333
24561,6958,297.773,9.30861
24573,6982,297.955,9.06
24577,6996,297.966,8.91568
24578,6998,298.015,8.89583
24580,7016,297.891,8.71222
24594,7025,298.351,8.62472
24590,7034,298.105,8.52611
24580,7028,297.749,8.58417
24571,7058,297.105,8.25778
24562,7052,296.845,8.31028
24557,7068,296.537,8.14389
24548,7071,296.194,8.10306
24548,7087,296.042,7.93139
24535,7075,295.726,8.05361
24535,7080,295.701,7.99611
24530,7082,295.508,7.97722
24535,7097,295.549,7.81944
24534,7104,295.473,7.74472
24526,7114,295.155,7.64083
24515,7099,294.957,7.79444
24494,7089,294.416,7.88306
24487,7109,294.086,7.66694
24473,7111,293.681,7.64
24471,7142,293.453,7.32639
24457,7169,292.941,7.04222
24462,7182,292.995,6.90167
24466,7225,292.885,6.46639
24457,7252,292.546,6.19306
LINESTRING
23698,10399,304.215,-27.4333
23704,10392,303.879,-27.3194
23696,10400,303.741,-27.4053
23690,10406,303.759,-27.4772
23678,10418,303.63,-27.6125
23688,10406,303.384,-27.4589
23685,10409,303.303,-27.4844
23675,10420,303.287,-27.6144
23673,10421,303.147,-27.6206
23680,10413,302.946,-27.5056
23678,10412,302.491,-27.4611
23685,10399,301.991,-27.2761
23676,10405,301.492,-27.3099
23658,10421,301.162,-27.4722
23619,10462,301.187,-27.9658
23597,10483,300.97,-28.1925
23561,10521,300.957,-28.6444
23530,10551,300.834,-28.9944
23510,10569,300.666,-29.2014
23504,10573,300.525,-29.2419
23485,10592,300.439,-29.455
23466,10610,300.459,-29.6833
23451,10624,300.354,-29.8403
23440,10636,300.456,-29.9931
23411,10663,300.359,-30.3169
23384,10690,300.433,-30.6431
23304,10758,299.879,-31.4397
23276,10780,299.599,-31.6878
23269,10785,299.424,-31.7317
23246,10804,299.315,-31.9578
23239,10811,299.372,-32.0483
23193,10851,299.251,-32.5308
23166,10875,299.324,-32.8408
23147,10894,299.469,-33.0883
23146,10896,299.651,-33.1353
23136,10906,299.707,-33.2558
23139,10901,299.543,-33.1892
23163,10878,299.306,-32.8731
23192,10851,299.196,-32.5314
23234,10815,299.321,-32.095
23252,10798,299.245,-31.88
23271,10782,299.341,-31.6844
23276,10780,299.552,-31.6844
23300,10761,299.795,-31.4675
23370,10701,300.314,-30.7719
23411,10662,300.289,-30.2964
23434,10641,300.382,-30.0517
23446,10629,300.291,-29.8903
23500,10576,300.391,-29.2647
23516,10561,300.553,-29.0983
23528,10553,300.792,-29.0147
23560,10521,300.894,-28.64
23597,10482,300.892,-28.175
23612,10469,301.105,-28.0356
23627,10453,301.159,-27.8561
23657,10421,301.105,-27.4692
23684,10397,301.646,-27.2297
23688,10398,302.207,-27.2797
23682,10410,302.874,-27.4639
23700,10394,303.65,-27.3358
23709,10386,303.824,-27.2486
23706,10389,304.119,-27.3103
23698,10399,304.213,-27.4306
LINESTRING
18935,3255,261.565,53.0467
18886,3252,260.969,53.0428
18855,3244,260.749,53.1878
18845,3236,260.784,53.33
18821,3210,261.092,53.8789
18868,3214,261.647,53.8553
18919,3224,262.116,53.7031
18858,3207,261.683,53.9889
18843,3187,261.989,54.4144
18857,3191,262.093,54.3503
18854,3193,262.013,54.3108
18870,3194,262.204,54.3008
18854,3198,261.861,54.1861
18864,3207,261.773,54.005
18883,3212,261.921,53.9225
18895,3205,262.268,54.0864
18900,3209,262.22,53.9933
18888,3210,262.022,53.9606
18931,3228,262.168,53.6158
19027,3262,262.672,53.0131
19025,3264,262.565,52.9478
19106,3294,262.965,52.4203
19124,3303,262.997,52.2594
19119,3303,262.912,52.24
19166,3320,263.176,51.9614
19170,3324,263.128,51.8736
19190,3328,263.298,51.8128
19189,3331,263.216,51.755
19282,3363,263.742,51.2128
19280,3369,263.575,51.0842
19334,3396,263.704,50.6194
19304,3389,263.463,50.7278
19327,3403,263.442,50.4619
19324,3406,263.338,50.3975
19301,3404,263.085,50.4219
19270,3388,263.013,50.6944
19241,3369,263.056,51.0461
19242,3355,263.394,51.3367
19230,3352,263.289,51.3719
19225,3361,263.014,51.1833
19207,3339,263.277,51.6064
19182,3332,263.096,51.7228
19172,3334,262.91,51.6622
19179,3346,262.741,51.4311
19149,3327,262.781,51.7947
19118,3313,262.668,52.0358
19107,3318,262.412,51.9219
19096,3307,262.513,52.1311
19074,3306,262.229,52.1225
19098,3320,262.236,51.8597
19069,3315,261.974,51.9436
19024,3296,261.809,52.2883
18999,3290,261.585,52.3642
18915,3263,261.102,52.8506
18910,3258,261.137,52.9381
18932,3257,261.475,52.9975
LINESTRING
18257,3075,256.708,56.2858
18249,3067,256.818,56.4867
18242,3068,256.693,56.4542
18233,3063,256.677,56.5508
18236,3062,256.766,56.5944
18247,3064,256.851,56.5478
18223,3049,256.896,56.8769
18256,3068,256.888,56.4717
18264,3066,257.039,56.5214
18257,3054,257.247,56.7969
18265,3063,257.126,56.5908
18273,3060,257.33,56.6864
18264,3056,257.297,56.7625
18274,3056,257.446,56.7786
18249,3043,257.432,57.0692
18231,3041,257.226,57.0869
18225,3035,257.332,57.25
18208,3031,257.178,57.3186
18200,3033,257.016,57.2608
18188,3025,257.066,57.4481
18199,3022,257.31,57.5344
18184,3015,257.279,57.6839
18197,3016,257.435,57.6758
18194,3009,257.589,57.8483
18207,3006,257.865,57.9436
18197,3000,257.913,58.0997
18205,2999,258.049,58.1228
18210,3006,257.935,57.9647
18220,3007,258.035,57.9406
18216,2999,258.229,58.1547
18234,3008,258.232,57.9464
18235,3014,258.059,57.7894
18245,3013,258.224,57.8164
18240,3009,258.296,57.9325
18248,3011,258.338,57.8842
18255,3010,258.485,57.925
18262,3013,258.471,57.8394
18265,3023,258.236,57.5967
18249,3026,257.901,57.4908
18256,3032,257.836,57.3458
18287,3036,258.172,57.2953
18277,3040,257.928,57.1881
18304,3049,258.044,56.9833
18283,3056,257.569,56.7894
18302,3058,257.773,56.7558
18291,3060,257.568,56.6969
18301,3065,257.58,56.5958
18275,3067,257.164,56.5025
18277,3074,257.021,56.3497
18259,3069,256.892,56.4414
18257,3076,256.708,56.2822
LINESTRING
21258,3992,278.345,42.4781
21258,3984,278.554,42.61
21272,3982,278.86,42.6731
21353,3998,279.899,42.5431
21322,3990,279.551,42.6233
21321,3980,279.803,42.7919
21358,3979,280.545,42.8775
21384,3984,280.908,42.8419
21386,3979,281.085,42.9242
21359,3967,280.921,43.0922
21375,3971,281.112,43.0494
21404,3989,281.129,42.7864
21410,4002,280.855,42.5703
21391,4031,279.707,42.0514
21355,4047,278.652,41.7269
21353,4060,278.276,41.4969
21329,4057,277.953,41.5103
21312,4063,277.533,41.3875
21287,4054,277.32,41.4958
21298,4060,277.39,41.4269
21280,4055,277.196,41.4789
21276,4057,277.075,41.4286
21263,4054,276.941,41.4617
21280,4051,277.297,41.5414
21267,4047,277.166,41.5889
21264,4050,277.044,41.5294
21209,4033,276.538,41.7219
21200,4015,276.821,42.015
21178,3997,276.882,42.2756
21182,3990,277.112,42.3981
21162,3973,277.184,42.6425
21164,3971,277.281,42.6928
21172,3972,277.372,42.675
21190,3984,277.398,42.5125
21204,3986,277.581,42.4983
21216,3994,277.598,42.3875
21218,3998,277.515,42.3136
21180,3995,276.958,42.3048
21199,4012,276.878,42.0647
21221,4018,277.082,41.9853
21236,4017,277.372,42.0353
21257,4026,277.498,41.9139
21244,4013,277.584,42.1053
21260,4002,278.142,42.3208
21267,4006,278.144,42.2564
21258,3992,278.344,42.4783
LINESTRING
24072,9382,290.483,-15.4003
24071,9391,290.564,-15.4981
24075,9389,290.634,-15.4786
24071,9407,290.735,-15.6778
24076,9407,290.839,-15.675
24076,9418,290.967,-15.7989
24071,9431,290.982,-15.9306
24080,9433,291.224,-15.9636
24069,9444,291.088,-16.0736
24065,9458,291.158,-16.2233
24076,9459,291.423,-16.2439
24071,9467,291.413,-16.3325
24068,9465,291.304,-16.3086
24059,9476,291.231,-16.4203
24050,9479,291.046,-16.4406
24052,9482,291.143,-16.4742
24046,9493,291.141,-16.5994
24041,9484,290.904,-16.49
24049,9474,290.971,-16.3908
24053,9462,290.924,-16.2611
24061,9457,291.053,-16.2103
24064,9461,291.157,-16.2542
24062,9447,290.973,-16.1017
24060,9443,290.868,-16.0564
24052,9460,290.894,-16.2389
24042,9465,290.72,-16.2867
24042,9456,290.62,-16.1883
24035,9458,290.492,-16.1992
24048,9440,290.566,-16.0144
24038,9437,290.327,-15.9769
24040,9420,290.195,-15.7886
24034,9427,290.127,-15.8625
24034,9433,290.193,-15.9228
24027,9426,289.977,-15.8458
24032,9415,289.961,-15.7219
24036,9413,290.027,-15.7067
24043,9400,290.054,-15.5719
24046,9414,290.245,-15.725
24050,9385,290.051,-15.4161
24060,9378,290.193,-15.3511
24058,9374,290.116,-15.3078
24067,9373,290.287,-15.3017
24069,9368,290.279,-15.2431
24072,9381,290.474,-15.3919
LINESTRING
21392,3894,284.188,44.5025
21400,3898,284.237,44.4508
21403,3902,284.143,44.3764
21404,3915,283.636,44.1214
21418,3922,283.694,44.0269
21425,3922,283.875,44.0528
21428,3926,283.791,43.98
21433,3925,283.943,44.0061
21436,3933,283.698,43.8606
21473,3953,283.809,43.5781
21465,3955,283.584,43.5347
21466,3970,283.056,43.2542
21450,3966,282.85,43.2978
21431,3966,282.429,43.2489
21385,3953,281.885,43.3883
21356,3951,281.366,43.3675
21332,3959,280.655,43.1881
21296,3949,280.231,43.2892
21278,3931,280.412,43.5647
21280,3917,280.908,43.8264
21338,3912,282.296,44.0411
21362,3920,282.514,43.9422
21378,3921,282.83,43.9542
21383,3926,282.767,43.88
21391,3928,282.866,43.8556
21397,3924,283.152,43.9433
21386,3922,282.958,43.9483
21378,3912,283.153,44.1183
21372,3916,282.872,44.0336
21359,3907,282.923,44.1794
21355,3911,282.682,44.0897
21348,3907,282.686,44.1522
21338,3908,282.433,44.1136
21359,3905,282.989,44.2111
21366,3910,282.953,44.1294
21369,3908,283.113,44.1775
21369,3913,282.93,44.0922
21375,3914,283.023,44.0838
21376,3907,283.312,44.2169
21396,3901,284.023,44.3836
21392,3894,284.186,44.5019
LINESTRING
18761,3240,259.575,53.1456
18836,3253,260.265,52.9592
18839,3258,260.204,52.8592
18847,3256,260.342,52.9033
18849,3261,260.269,52.8156
18882,3276,260.365,52.5322
18886,3289,260.142,52.27
18918,3303,260.261,52.0175
18936,3317,260.197,51.7444
18945,3318,260.28,51.73
18935,3311,260.314,51.8703
18945,3314,260.379,51.8239
18964,3325,260.394,51.6186
18955,3327,260.243,51.5731
18928,3319,260.054,51.6944
18896,3300,260.034,52.0428
18922,3318,260.003,51.7194
18893,3307,259.859,51.9089
18858,3287,259.823,52.2775
18850,3273,260.021,52.5594
18823,3260,259.951,52.7981
18798,3254,259.75,52.8981
18796,3258,259.637,52.8103
18809,3261,259.742,52.7597
18822,3269,259.737,52.6025
18795,3261,259.567,52.7494
18776,3249,259.571,52.9717
18751,3248,259.274,52.9714
18770,3253,259.405,52.8811
18775,3260,259.326,52.7514
18763,3260,259.172,52.7344
18757,3256,259.194,52.8197
18749,3257,259.056,52.7814
18736,3252,258.987,52.8661
18709,3238,258.943,53.1378
18734,3242,259.172,53.0728
18747,3238,259.434,53.1772
18761,3240,259.568,53.1489
LINESTRING
17422,2943,248.716,58.6958
17416,2940,248.726,58.7914
17430,2941,248.867,58.7667
17432,2944,248.843,58.6981
17451,2939,249.174,58.8311
17454,2929,249.446,59.1083
17496,2921,250.168,59.3511
17504,2912,250.494,59.6042
17526,2913,250.792,59.6161
17550,2919,250.965,59.4739
17564,2917,251.189,59.5231
17565,2923,251.064,59.3717
17619,2921,251.838,59.4744
17704,2931,252.784,59.3181
17800,2937,253.984,59.2739
17751,2935,253.315,59.245
17661,2928,252.253,59.3386
17666,2934,252.182,59.2011
17641,2934,251.819,59.1508
17573,2934,250.893,59.0797
17554,2931,250.708,59.1383
17497,2938,249.797,58.9036
17488,2944,249.552,58.7389
17502,2949,249.625,58.6231
17468,2948,249.224,58.625
17473,2954,249.159,58.47
17463,2947,249.164,58.6314
17453,2947,249.053,58.6392
17452,2952,248.928,58.4981
17444,2947,248.924,58.6161
17422,2943,248.719,58.6953
LINESTRING
23014,6620,274.23,12.1128
23083,6658,274.813,11.7514
23136,6707,275.21,11.2697
23143,6727,275.22,11.0719
23132,6732,275.099,11.025
23096,6723,274.749,11.1008
23042,6697,274.265,11.3519
23013,6660,274.086,11.7106
23003,6635,274.063,11.9506
23005,6622,274.126,12.0903
23014,6620,274.229,12.1131
