LINESTRING
12836,2677,180,68.9938
12791,2669,176.082,69.8837
12675,2683,173.223,69.7654
12634,2684,170.55,70.1196
12552,2699,170.162,69.5975
12510,2710,171.179,69.03
12451,2720,170.482,68.7637
12444,2716,168.322,69.2221
12503,2704,167.808,69.7645
12434,2716,166.873,69.4621
12343,2729,162.347,69.6738
LINESTRING
10673,3146,155.188,59.1712
10713,3133,154.98,59.4929
10688,3140,154.129,59.4524
10750,3121,154.231,59.8733
11039,3036,156.682,61.5221
11200,2997,160.397,61.9554
11082,3030,159.773,61.2383
11039,3043,159.792,60.9271
11073,3035,160.441,61.0333
11004,3055,160.213,60.5788
11221,2998,162.388,61.662
11251,2993,163.329,61.6608
11366,2960,163.262,62.5179
11433,2946,164.61,62.6813
11429,2951,165.309,62.469
11362,2964,164.149,62.2708
11154,3024,163.789,60.8225
11036,3052,161.942,60.4179
10592,3182,158.32,57.9771
10526,3199,156.851,57.7975
10350,3258,155.989,56.6783
10137,3336,155.563,55.1758
9605,3563,156.673,50.8621
9847,3470,158.542,52.2892
9934,3432,158.417,52.9986
10001,3416,160.049,53.0899
10136,3360,159.984,54.1541
10291,3315,162.144,54.7483
10464,3248,162.087,56.0942
10524,3236,163.361,56.1875
10649,3185,162.676,57.3366
10724,3163,163.319,57.7275
10706,3160,161.891,57.9774
11038,3060,163.637,59.9986
11082,3051,164.487,60.1012
11053,3062,164.837,59.7829
11199,3025,166.275,60.4721
11112,3053,166.278,59.8112
11220,3024,167.012,60.4129
11338,3003,169.253,60.6129
11297,3026,170.31,59.9271
11371,3004,170.549,60.4267
11673,2936,173.532,61.7504
11943,2888,177.115,62.5462
12017,2889,179.148,62.2854
12093,2870,179.623,62.7274
12221,2817,178.234,64.4333
12191,2826,178.248,64.1671
12223,2810,177.508,64.7413
12122,2826,176.072,64.4471
12156,2818,176.167,64.6956
12114,2821,175.143,64.7224
12326,2800,179.525,64.7946
12468,2772,180.724,65.5266
12554,2748,180.618,66.3213
12603,2743,181.549,66.3617
12502,2770,181.555,65.4671
12608,2761,183.505,65.5371
12581,2781,184.565,64.7637
12633,2788,186.347,64.3212
12681,2778,186.675,64.6113
12653,2789,186.85,64.2396
12721,2780,187.764,64.4025
12702,2772,186.789,64.7575
12792,2759,187.881,65.0491
12838,2746,187.914,65.4867
12809,2743,186.991,65.7017
12894,2743,188.95,65.4671
12908,2733,188.557,65.8321
12935,2737,189.435,65.6129
13035,2719,190.326,66.1365
13005,2702,188.333,66.9446
12922,2704,186.37,67.1171
12865,2709,185.374,67.0517
12805,2733,186.055,66.1446
12899,2695,184.743,67.6588
12836,2677,180.002,68.9929
LINESTRING
20500,12332,286.638,-53.0004
20505,12333,287.022,-53.0824
20574,12305,287.073,-52.5563
20627,12296,288.455,-52.5689
20563,12325,288.651,-53.1275
20482,12353,288.033,-53.5788
20531,12334,288.145,-53.2313
20486,12347,287.516,-53.395
20467,12366,288.717,-53.9004
20630,12301,289.117,-52.739
20758,12261,290.783,-52.2028
20769,12263,291.647,-52.3406
20840,12227,291.032,-51.6259
20821,12230,290.414,-51.6075
20848,12224,291.046,-51.57
20891,12200,290.571,-51.0917
21044,12139,291.639,-50.1667
21083,12118,291.272,-49.7567
21050,12137,291.657,-50.1263
21079,12127,292.082,-50.0092
21210,12067,292.427,-49.0433
21405,11986,294.235,-47.9175
21493,11942,294.26,-47.2025
21485,11936,293.206,-46.9987
21570,11882,292.373,-46.0525
21685,11826,293.051,-45.2671
21770,11794,294.479,-44.9317
21923,11708,294.668,-43.6634
22031,11655,295.694,-42.9776
22048,11637,295.021,-42.6529
22080,11624,295.605,-42.5187
22048,11646,295.907,-42.8779
22092,11625,296.415,-42.6167
22148,11589,296.235,-42.0754
22087,11619,295.529,-42.4413
22113,11596,294.953,-42.0558
22262,11502,294.992,-40.7184
22248,11525,296.21,-41.1671
22312,11497,297.617,-40.9113
22488,11380,297.686,-39.2984
22487,11384,297.994,-39.3825
22544,11342,297.659,-38.7704
22547,11350,298.889,-39.0029
22644,11298,301.493,-38.543
22704,11259,302.452,-38.1037
22840,11162,303.331,-36.8875
22895,11121,303.27,-36.3342
22923,11097,302.62,-35.97
22991,11045,302.802,-35.3033
23057,10986,301.43,-34.4175
23186,10879,301.557,-33.0704
23107,10946,301.57,-33.9193
23062,10985,302.144,-34.4771
LINESTRING
24747,7302,305.831,5.88369
24731,7302,302.856,5.83658
24696,7199,301.658,6.89208
24701,7247,301.31,6.38208
24685,7156,301.52,7.33469
24662,7095,300.955,7.95875
24624,7026,299.773,8.64281
24612,7030,299.124,8.59039
24590,6948,299.145,9.43786
24559,6902,298.363,9.90292
24544,6908,297.661,9.81819
24512,6853,297.111,10.375
24527,6820,298.133,10.7462
24462,6821,295.739,10.667
24487,6840,296.357,10.4925
24455,6878,294.945,10.0637
24394,6817,293.766,10.6538
24322,6828,291.871,10.4888
24288,6760,291.604,11.1871
24221,6728,290.377,11.4745
24177,6656,289.98,12.2024
24186,6711,289.765,11.6358
24205,6706,290.197,11.6971
24215,6732,290.212,11.4312
24193,6717,289.862,11.5712
24142,6789,288.41,10.7967
24205,6897,288.975,9.71658
24214,6937,288.928,9.31153
24186,6961,288.291,9.05206
24142,6885,287.869,9.81339
24146,6798,288.421,10.705
24097,6713,288.035,11.5574
24126,6668,288.89,12.0515
24081,6626,288.334,12.4645
24030,6736,286.728,11.2921
23975,6729,285.857,11.3412
23978,6762,285.723,11.0021
23938,6749,285.157,11.1137
23921,6778,284.741,10.8076
23911,6843,284.297,10.1477
23936,6912,284.38,9.45161
23868,6999,283.063,8.5575
23895,7064,283.229,7.91403
23785,6941,282.127,9.11656
23690,6893,281.029,9.56472
23637,6886,280.376,9.6165
23538,6965,278.917,8.80839
23458,6925,278.105,9.18825
23474,6950,278.211,8.94333
23433,6943,277.755,8.99831
23221,6707,276.12,11.2926
23178,6406,276.803,14.3281
23124,6314,276.615,15.2509
22942,6236,274.978,15.9873
22645,6255,271.853,15.6817
22553,6232,271.063,15.8906
22584,6129,271.783,16.9574
22534,5993,271.907,18.3552
22501,5990,271.602,18.3783
22514,5945,271.948,18.8568
22567,6010,272.161,18.1882
22542,5876,272.585,19.5923
22506,5867,272.256,19.6719
22512,5712,273.21,21.3426
22364,5679,271.863,21.63
22172,5725,269.718,21.0532
22208,5885,269.281,19.3631
22158,5972,268.444,18.4397
22058,5946,267.655,18.6792
21842,5999,265.583,18.0608
21721,5932,264.814,18.7191
21639,5930,264.143,18.7166
21248,5598,262.227,22.073
21208,5547,262.109,22.5975
21113,5366,262.134,24.525
21081,5299,262.19,25.2583
21121,5285,262.59,25.4246
21129,5322,262.473,25.0154
21124,5237,262.855,25.9601
21016,5118,262.578,27.2633
20972,5114,262.218,27.2816
21014,5112,262.595,27.3308
20990,5038,262.807,28.1702
21066,5017,263.599,28.4433
21019,4991,263.337,28.722
21102,5000,264.026,28.6581
21085,5014,263.782,28.4904
21173,4968,264.877,29.0684
21146,4912,265.009,29.7143
21214,4928,265.531,29.5574
21193,4944,265.228,29.3608
21275,4921,266.158,29.6789
21252,4894,266.137,29.9905
21274,4920,266.165,29.6931
21447,4941,267.676,29.5323
21478,4918,268.171,29.8328
21628,4987,269.142,29.0883
21652,4967,269.555,29.3499
21700,4986,269.885,29.1407
21662,4949,269.804,29.5691
21711,4959,270.233,29.4796
21784,5009,270.586,28.9196
21807,4989,271.001,29.1826
21711,4952,270.292,29.5625
21734,4926,270.762,29.8875
21596,4892,269.592,30.2124
21808,4896,271.863,30.3107
21786,4857,271.999,30.7751
21837,4892,272.224,30.3749
21825,4904,271.97,30.2217
21888,4877,272.972,30.6066
21894,4898,272.814,30.3424
21971,4891,273.801,30.4938
21951,4898,273.484,30.39
22039,4910,274.417,30.3113
22108,4967,274.643,29.6633
22170,4932,275.792,30.1396
22230,4954,276.318,29.9249
22396,5050,277.374,28.8716
22451,5136,277.146,27.87
22482,5132,277.595,27.9458
22492,5172,277.306,27.4742
22559,5223,277.641,26.915
22584,5219,278,26.9767
22679,5316,278.268,25.9108
22759,5350,278.974,25.5641
22784,5390,278.91,25.1171
22822,5389,279.447,25.1689
22835,5408,279.433,24.9546
22748,5245,279.968,26.8059
22295,4857,278.398,31.21
22282,4779,279.331,32.2157
22247,4755,279.173,32.4973
22283,4776,279.382,32.2557
22283,4664,281.223,33.7666
22338,4590,283.669,34.8854
22288,4577,283.024,35.0004
22295,4560,283.534,35.2625
22243,4539,283.004,35.4836
22308,4557,283.846,35.3262
22306,4536,284.272,35.6255
22266,4508,284.151,35.9749
22285,4532,283.966,35.6488
22252,4505,283.942,35.9929
22217,4506,283.263,35.9333
22214,4481,283.79,36.3004
22260,4501,284.204,36.0715
22188,4450,284.044,36.7207
22302,4526,284.462,35.7767
22167,4434,284.003,36.9232
22077,4403,283.014,37.2423
22126,4419,283.589,37.0908
22060,4382,283.191,37.532
22106,4406,283.496,37.2455
22087,4384,283.701,37.5611
22009,4348,283.07,37.9839
22079,4380,283.637,37.6082
22059,4359,283.762,37.8908
21949,4318,282.662,38.345
21924,4295,282.764,38.6624
22039,4348,283.676,38.0374
21900,4255,283.369,39.2607
21915,4239,284.124,39.5395
21955,4286,283.621,38.8524
22085,4357,284.359,37.9758
22151,4419,284.052,37.1195
22075,4328,284.947,38.41
21914,4228,284.463,39.7317
22032,4290,285.137,38.9421
21988,4235,285.903,39.7666
21901,4180,285.709,40.509
21881,4146,286.411,41.0429
21947,4139,288.518,41.359
21901,4107,288.595,41.8194
21950,4134,288.805,41.4528
21982,4129,290.045,41.6466
21935,4101,289.943,42.0416
21960,4122,289.666,41.7087
21856,4071,288.941,42.3708
21740,3985,289.74,43.7165
21757,3986,290.22,43.7426
21717,3963,290.21,44.0899
21758,3977,290.789,43.9326
21689,3931,291.174,44.6664
21730,3955,291.175,44.31
21719,3941,291.756,44.5864
21755,3959,291.941,44.3316
21738,3935,293.051,44.8166
21682,3906,292.813,45.2265
21726,3922,293.542,45.0587
21692,3884,295.662,45.8807
21740,3915,295.056,45.3302
21780,3924,296.623,45.3609
21803,3942,295.897,45.0025
21752,3918,295.504,45.3367
21802,3961,293.888,44.4987
21881,4008,293.829,43.8002
21943,4036,294.531,43.4504
21848,3970,295.694,44.5662
21882,3983,296.352,44.4313
21847,3964,296.337,44.7263
21848,3950,298.689,45.1908
21840,3944,299.04,45.3225
21753,3901,298.091,45.8829
21741,3902,296.719,45.7079
21630,3853,295.291,46.3146
21536,3804,295.203,47.0746
21519,3800,294.581,47.0703
21447,3759,295.194,47.8051
21447,3765,294.33,47.6012
21404,3745,294.169,47.9101
21365,3734,293.204,47.9871
21409,3743,294.757,48.0112
21385,3725,295.683,48.4179
21291,3681,295.397,49.1113
21234,3664,293.828,49.2071
21240,3684,291.816,48.6354
21345,3776,288.807,46.8131
21282,3725,290.094,47.769
21220,3695,290.011,48.2574
21183,3649,292.623,49.3179
21093,3599,293.543,50.2679
LINESTRING
20538,3350,299.33,55.5488
20503,3337,299.405,55.8121
20461,3321,298.247,55.9646
20433,3311,298.679,56.2241
20419,3307,297.973,56.2263
20420,3307,298.419,56.2825
20382,3293,297.776,56.4716
20384,3293,298.349,56.5392
20336,3277,297.461,56.7558
20373,3289,298.328,56.6187
20312,3268,298.638,57.1
20235,3241,297.467,57.4891
20228,3239,298.108,57.6325
20172,3220,297.321,57.9291
20142,3210,297.55,58.1729
20152,3213,296.644,57.9691
20097,3195,297.442,58.48
20102,3197,296.392,58.2917
20060,3182,297.147,58.7008
20005,3165,296.862,59.0546
19991,3161,295.949,59.0192
19980,3157,296.642,59.1975
19835,3112,295.301,60.025
19811,3104,295.632,60.2467
19783,3096,295.152,60.3729
19855,3119,294.463,59.7457
19918,3138,294.986,59.3835
19916,3139,294.252,59.2705
19958,3152,294.685,59.0457
19970,3157,293.914,58.8184
20049,3183,294.029,58.2727
19958,3154,293.623,58.8548
20038,3184,292.325,58.0151
19951,3156,291.992,58.5849
20011,3179,291.315,58.0026
19914,3145,291.652,58.7816
19857,3134,289.744,58.7772
19832,3123,290.154,59.0599
19875,3137,290.454,58.8091
19814,3115,290.762,59.3229
19799,3112,290.239,59.3216
19712,3084,290.283,59.9666
19665,3074,289.125,60.0459
19700,3080,290.383,60.0714
19566,3039,290.496,61.0676
19592,3048,290.103,60.7993
19490,3023,288.38,61.1536
19429,3005,288.445,61.6172
19412,3003,287.729,61.5742
19241,2959,286.305,62.4822
19264,2969,285.468,62.1069
19095,2935,282.572,62.5819
19109,2944,281.805,62.2547
19231,2976,282.517,61.5332
19299,3002,281.774,60.7838
19321,3004,282.491,60.8404
19438,3038,282.804,60.0437
19554,3089,281.399,58.6775
19708,3128,282.998,58.0211
19938,3208,283.475,56.3758
20027,3255,282.368,55.2782
20003,3274,280.239,54.6343
20096,3303,280.968,54.1698
20362,3409,281.594,52.233
20385,3431,280.954,51.763
20465,3465,281.141,51.1726
20383,3435,280.689,51.6639
20422,3462,280.242,51.1326
20358,3448,279.371,51.2705
20311,3425,279.431,51.7009
20067,3347,277.669,52.9438
19807,3233,277.673,55.1514
19635,3213,274.791,55.2355
19059,3084,269.197,57.3232
18972,3093,267.188,56.9139
18952,3075,267.572,57.3509
18757,3011,266.823,58.737
18685,3004,265.798,58.789
18721,3020,265.743,58.406
18608,2989,265.031,59.0594
18471,2931,265.243,60.5156
18433,2891,266.739,61.7349
18387,2881,266.359,61.9531
18422,2866,268.149,62.5721
18362,2855,267.6,62.8396
18424,2861,268.614,62.7806
18422,2851,269.371,63.1582
18305,2828,268.282,63.6849
18284,2831,267.537,63.5172
18272,2824,267.773,63.7458
18160,2811,266.051,63.9177
18136,2802,266.192,64.2144
18389,2841,269.35,63.4454
18341,2819,270.02,64.1622
18435,2828,271.887,64.1454
18373,2800,273.089,65.1408
18093,2759,269.076,65.9259
18138,2761,270.178,65.9924
18332,2793,272.66,65.3203
18295,2773,274.142,66.1593
18209,2757,273.231,66.5399
18382,2782,276.193,66.1436
18230,2753,274.823,66.9102
18280,2758,276.09,66.9167
18375,2778,276.65,66.3452
18313,2754,278.812,67.4544
18133,2720,277.356,68.4385
18156,2720,278.762,68.6401
18097,2710,277.958,68.8814
18080,2705,278.678,69.1991
17970,2689,276.745,69.5374
17973,2687,277.452,69.7011
17848,2672,274.458,69.8619
18021,2704,275.289,68.7282
17985,2700,274.379,68.7371
18123,2735,273.488,67.3341
18110,2738,272.5,67.1071
17861,2686,271.774,68.9189
17778,2673,270.669,69.2446
17864,2697,269.752,68.1867
17679,2663,268.573,69.3583
17712,2664,269.651,69.4593
17580,2650,267.124,69.6909
17540,2639,267.642,70.2445
17581,2643,268.495,70.1839
17261,2596,265.516,71.9942
17299,2614,263.4,70.8238
17347,2618,264.246,70.7169
17418,2636,263.814,69.8623
17595,2656,266.658,69.3775
17561,2655,265.739,69.3218
17607,2667,265.384,68.7517
17614,2664,266.178,69.0142
17678,2676,266.544,68.5795
17640,2682,264.532,68.0628
17743,2707,264.696,67.1665
17655,2695,263.554,67.4659
17595,2675,264.118,68.301
17588,2680,263.332,68.0063
17570,2672,263.632,68.3205
17506,2665,262.696,68.5071
17449,2663,261.319,68.3988
17528,2677,261.933,67.9169
17567,2679,262.793,67.9502
17606,2690,262.689,67.52
17484,2671,261.436,68.1056
17509,2681,261.114,67.6882
17337,2671,257.783,67.6594
17230,2655,256.616,68.1586
17143,2651,255.003,68.1548
17013,2629,253.811,68.9467
16922,2639,251.189,68.2658
17000,2644,252.44,68.1666
17066,2638,254.259,68.5951
17004,2653,251.971,67.7753
17110,2671,252.956,67.1379
17134,2680,252.934,66.8186
17082,2674,252.237,66.9616
17163,2692,252.793,66.3473
17028,2670,251.464,67.0623
17045,2665,252.036,67.2833
16871,2642,249.964,68.0109
16787,2646,248.134,67.6682
16583,2637,244.902,67.8026
16552,2627,244.751,68.1889
16620,2625,246.111,68.398
16529,2612,245.022,68.871
16406,2608,242.93,68.8786
16082,2581,238.12,69.8173
15953,2589,235.626,69.3359
15917,2571,235.474,70.2005
15888,2588,234.536,69.3114
15706,2561,231.96,70.5773
15750,2570,232.551,70.1409
15560,2585,229.119,69.3059
15619,2567,230.332,70.2556
15429,2583,226.979,69.3597
15357,2586,225.794,69.2479
15338,2576,225.502,69.7088
15247,2587,224.001,69.2063
15290,2599,224.705,68.6399
14826,2571,216.745,70.1179
14383,2575,208.8,70.3521
14316,2573,207.396,70.5458
14349,2567,207.737,70.8404
14243,2571,205.812,70.7688
14217,2566,204.925,71.1304
14146,2574,204.003,70.7498
14193,2566,204.431,71.1616
14160,2563,203.515,71.3887
14059,2575,202.183,70.8668
13960,2580,200.343,70.7962
13916,2590,200.156,70.3108
13923,2585,199.872,70.6071
13808,2595,198.075,70.2946
13599,2628,196.048,68.9895
13470,2637,193.77,68.8771
13390,2651,193.152,68.3378
13476,2662,195.831,67.6263
13461,2674,196.302,67.1066
13574,2671,198.346,67.0223
13547,2684,198.512,66.5258
13620,2683,199.788,66.458
13535,2686,198.417,66.4417
13520,2675,197.529,66.9524
13540,2694,198.908,66.1124
13373,2703,196.239,66.0613
13377,2690,195.596,66.5824
13083,2727,191.895,65.6851
13166,2733,193.947,65.2517
13104,2738,193.04,65.1638
13099,2754,193.788,64.5787
13278,2751,196.832,64.3959
13300,2743,196.866,64.6529
13296,2752,197.206,64.3234
13404,2733,198.253,64.8454
13458,2734,199.214,64.7179
13386,2745,198.464,64.4174
13400,2760,199.271,63.8708
13345,2773,198.857,63.5035
13268,2775,197.687,63.5437
13159,2796,196.692,63.0037
13100,2793,195.573,63.2116
12841,2858,193.875,61.4935
12847,2871,194.438,61.0876
12906,2867,195.217,61.1393
12863,2876,194.871,60.9166
12973,2878,196.582,60.7265
12880,2888,195.508,60.5544
12850,2914,195.872,59.8366
13021,2896,197.805,60.1576
12996,2935,198.479,59.1046
12912,2956,197.864,58.6339
13088,2933,199.661,59.0773
13161,2956,201.115,58.3917
13238,2925,201.461,59.1416
13233,2945,201.811,58.6117
13372,2924,203.158,59.0357
13274,2952,202.464,58.3991
13229,2990,202.599,57.4867
12896,3052,199.665,56.2943
12867,3076,199.743,55.7679
12740,3075,198.196,55.8965
12525,3132,196.643,54.8112
12575,3120,197.026,55.0288
12607,3122,197.447,54.9575
12624,3106,197.355,55.3034
12670,3113,198.038,55.1063
12740,3087,198.42,55.6208
12752,3098,198.763,55.3549
12912,3070,200.183,55.8559
12912,3083,200.4,55.5632
13403,2972,204.385,57.7924
13544,2955,205.788,58.1344
13666,2923,206.75,58.8525
13596,2919,205.835,59.0103
13617,2904,205.859,59.3735
14009,2822,209.419,61.3599
14131,2814,210.847,61.503
14041,2828,209.921,61.1573
14118,2839,211.031,60.8075
14011,2833,209.61,61.04
13912,2847,208.586,60.72
13829,2884,208.133,59.7607
13910,2881,209.07,59.7915
13811,2907,208.257,59.1566
14005,2885,210.259,59.6366
14019,2872,210.277,59.9542
14026,2882,210.474,59.705
14052,2865,210.573,60.1229
14130,2870,211.574,59.9489
14190,2851,212.064,60.4383
14138,2839,211.286,60.7867
14239,2820,212.279,61.2766
14210,2837,212.123,60.8254
14251,2824,212.48,61.1546
14252,2834,212.615,60.8712
14351,2823,213.684,61.1339
14308,2832,213.262,60.9082
14363,2834,213.947,60.8248
14307,2840,213.343,60.6849
14362,2835,213.955,60.7958
14360,2848,214.052,60.4537
14451,2846,215.122,60.4573
14494,2862,215.748,60.0246
14744,2855,218.589,60.1398
14833,2871,219.685,59.692
14909,2856,220.485,60.0566
14962,2866,221.114,59.8066
14922,2875,220.7,59.5612
14909,2859,220.495,59.9912
14871,2877,220.137,59.5358
15150,2928,223.313,58.2104
15211,2921,223.961,58.385
15121,2894,222.952,59.0675
15194,2906,223.763,58.7512
15200,2893,223.814,59.0681
15222,2921,224.079,58.3808
15300,2927,224.909,58.2408
15277,2877,224.65,59.4808
15329,2921,225.217,58.3933
15388,2928,225.853,58.202
15428,2915,226.287,58.5382
15397,2934,225.944,58.0624
15485,2943,226.864,57.8642
15442,2946,226.411,57.7701
15510,2958,227.106,57.4959
15436,2949,226.337,57.7142
15495,2964,226.943,57.3576
15446,2971,226.428,57.1833
15657,3013,228.509,56.2366
15593,3043,227.814,55.5892
15704,3020,228.969,56.102
15741,3036,229.295,55.7558
15736,3081,229.133,54.7704
15804,3056,229.862,55.3289
15816,3027,230.067,55.9488
15804,3067,229.828,55.0737
15857,3072,230.339,54.9783
15781,3087,229.557,54.6541
15833,3104,230.012,54.3041
15781,3087,229.552,54.6487
15780,3101,229.511,54.3641
15879,3109,230.442,54.2208
15825,3121,229.889,53.95
15918,3150,230.685,53.3712
15974,3120,231.314,53.9976
15973,3142,231.23,53.5474
16043,3146,231.879,53.4914
15950,3142,231.011,53.545
16089,3184,232.168,52.7362
16034,3206,231.589,52.2908
16073,3195,231.981,52.5248
16095,3212,232.124,52.1963
16180,3188,232.996,52.6662
16100,3231,232.101,51.8192
16131,3251,232.322,51.4621
16175,3239,232.754,51.6816
16122,3258,232.217,51.3217
16202,3257,232.939,51.3517
16125,3267,232.214,51.1625
16251,3266,233.343,51.1959
16157,3275,232.469,51.0142
16309,3280,233.807,50.9479
16267,3285,233.414,50.8492
16312,3294,233.777,50.6959
16381,3278,234.463,50.9962
16304,3297,233.701,50.6317
16377,3310,234.293,50.4212
16396,3293,234.528,50.7212
16389,3308,234.404,50.4492
16443,3310,234.882,50.4283
16463,3283,235.178,50.9292
16450,3316,234.919,50.3242
16529,3307,235.66,50.5068
16490,3334,235.192,50.0107
16560,3350,235.734,49.7421
16595,3327,236.148,50.1627
16645,3353,236.474,49.7042
16600,3363,236.03,49.5125
16686,3354,236.829,49.6929
16709,3393,236.839,49.0175
16795,3410,237.509,48.7524
16851,3499,237.567,47.2562
16808,3457,237.394,47.942
16761,3492,236.841,47.3535
16784,3445,237.243,48.1453
16543,3427,235.269,48.3817
16650,3516,235.826,46.9273
16694,3514,236.194,46.9717
16679,3557,235.912,46.2706
16761,3560,236.569,46.2442
16689,3559,235.977,46.2299
16710,3781,235.432,42.8392
16814,3879,235.936,41.4447
16792,3950,235.587,40.4417
16926,4063,236.268,38.9216
17051,4134,236.977,37.9944
17158,4131,237.743,38.0608
17211,4177,237.991,37.4642
17134,4150,237.522,37.8096
17161,4197,237.593,37.1966
17478,4364,239.359,35.1351
17496,4410,239.361,34.5594
17822,4458,241.465,34.0338
18011,4525,242.565,33.2542
18394,4830,244.3,29.7548
18690,4949,245.952,28.4651
18676,4999,245.722,27.9032
18733,5023,246.042,27.6561
18567,5012,244.973,27.7404
18817,5109,246.374,26.7192
18877,5085,246.833,26.9928
19051,5171,247.761,26.084
19107,5290,247.824,24.8141
19434,5414,249.672,23.5603
19506,5479,249.991,22.8924
19578,5451,250.541,23.1983
19491,5368,250.173,24.0612
19351,5337,249.318,24.3599
19155,5134,248.558,26.5194
18919,5017,247.296,27.7535
18871,4955,247.154,28.4412
18555,4811,245.434,30.0113
18426,4648,245.045,31.881
18721,4711,246.893,31.2051
18949,4910,247.825,28.9678
19148,5005,248.894,27.9361
19240,5013,249.499,27.8692
19260,5066,249.476,27.2914
19511,5162,250.907,26.2864
19491,5217,250.6,25.6816
19714,5278,251.956,25.0688
19739,5318,252.004,24.6467
20104,5492,254.027,22.8799
20273,5631,254.81,21.4609
20249,5697,254.46,20.7701
20299,5716,254.753,20.5824
20240,5732,254.305,20.4099
20280,5769,254.481,20.0325
20632,5945,256.49,18.3127
20865,5985,258.05,17.9609
21012,6057,258.928,17.2665
21670,6233,263.437,15.645
21931,6190,265.681,16.14
22365,6419,268.695,13.9488
22704,6507,271.532,13.1574
22674,6495,271.283,13.2642
22806,6484,272.596,13.4177
22834,6534,272.697,12.925
22794,6534,272.308,12.9095
23057,6726,274.329,11.0603
23034,6742,274.047,10.8926
23066,6755,274.339,10.776
23089,6844,274.327,9.90489
23153,6880,274.89,9.55494
23170,6853,275.138,9.82975
23117,6808,274.717,10.2677
23178,6839,275.259,9.96894
23307,6936,276.378,9.04117
23326,6997,276.431,8.44056
23354,7003,276.723,8.38642
23336,6966,276.62,8.74478
23397,7040,277.107,8.03322
23406,7010,277.282,8.32669
23494,7024,278.239,8.21353
23526,7075,278.484,7.70906
23561,7055,278.944,7.91489
23590,7128,279.11,7.20564
23627,7125,279.56,7.23983
23658,7098,280.008,7.51647
23603,7024,279.527,8.23078
23695,6946,280.912,9.04078
23763,7017,281.579,8.34744
23789,7010,281.941,8.42417
23774,7059,281.598,7.92381
23885,7199,282.706,6.55817
23904,7437,282.469,4.20567
23945,7467,282.977,3.91947
23940,7496,282.868,3.63717
23902,7594,282.232,2.66342
23843,7616,281.438,2.44153
23850,7685,281.47,1.7665
23811,7698,280.967,1.63572
23821,7757,281.072,1.06375
23729,7786,279.909,0.775472
23741,7848,280.052,0.170306
23695,7906,279.5,-0.3925
23714,7934,279.725,-0.67
23659,7974,279.089,-1.05419
23654,8105,279.101,-2.33083
23706,8147,279.753,-2.73878
23740,8093,280.122,-2.21711
23751,8132,280.285,-2.59669
23720,8211,279.995,-3.37503
23606,8305,278.745,-4.27253
23621,8446,279.148,-5.65669
23590,8479,278.848,-5.97917
23674,8556,280.019,-6.75086
23723,8702,281.015,-8.21253
23738,9007,282.342,-11.29
23768,9211,283.798,-13.3958
23734,9262,283.601,-13.9075
23737,9333,284.084,-14.6542
23755,9403,284.857,-15.4063
23883,9570,288.523,-17.2912
23884,9673,289.693,-18.4392
23806,9819,289.877,-20.0092
23724,9950,289.943,-21.44
23563,10141,289.371,-23.505
23443,10306,289.55,-25.3675
23121,10620,288.48,-28.9133
23052,10703,288.723,-29.91
22972,10763,288.28,-30.5992
22711,11010,288.381,-33.6258
22304,11293,286.845,-37.115
22255,11313,286.315,-37.3325
22068,11467,286.806,-39.4425
21866,11585,286.04,-41.0067
21830,11621,286.514,-41.5692
21797,11636,286.235,-41.7487
21866,11611,287.049,-41.4746
21872,11616,287.422,-41.5875
21907,11601,287.717,-41.3933
21822,11641,287.115,-41.9141
21819,11656,287.647,-42.1758
21776,11680,287.511,-42.5129
21782,11668,287.155,-42.3025
21764,11688,287.504,-42.6192
21760,11683,287.175,-42.5159
21643,11749,286.897,-43.4592
21617,11773,287.26,-43.845
21556,11798,286.713,-44.165
21549,11817,287.45,-44.5275
21428,11868,286.484,-45.2
21439,11876,287.228,-45.4075
21400,11884,286.507,-45.4584
21359,11906,286.427,-45.7846
21394,11895,286.859,-45.6534
21269,11955,286.363,-46.5396
21304,11931,286.131,-46.1446
21269,11939,285.54,-46.1992
21297,11933,286.005,-46.1525
21283,11934,285.666,-46.1325
21331,11911,285.916,-45.8146
21288,11929,285.569,-46.0479
21300,11916,285.272,-45.8138
21274,11923,284.909,-45.885
21281,11930,285.436,-46.0476
21230,11952,285.145,-46.3725
21151,11980,284.378,-46.7292
21142,11992,284.702,-46.9471
21157,11979,284.478,-46.7167
21222,11957,285.131,-46.4371
21180,11980,285.15,-46.8088
21217,11972,285.788,-46.7547
21178,11999,286.076,-47.2117
21122,12018,285.486,-47.4542
21143,12017,286.085,-47.5092
21081,12036,285.27,-47.7142
21138,12023,286.269,-47.6255
21115,12044,286.773,-48.0192
21106,12041,286.321,-47.9217
21076,12062,286.613,-48.2888
21050,12053,285.348,-48.01
21041,12072,286.159,-48.4076
20992,12087,285.605,-48.6017
20991,12094,285.947,-48.745
20897,12135,285.587,-49.3958
20938,12120,285.962,-49.1929
20892,12149,286.351,-49.7242
20872,12149,285.681,-49.64
20813,12184,286.138,-50.3013
20786,12185,285.299,-50.21
20799,12189,286.038,-50.375
20738,12217,285.963,-50.8513
20815,12187,286.43,-50.3871
20787,12203,286.661,-50.6942
20720,12222,285.763,-50.9233
20722,12229,286.339,-51.1117
20647,12260,286.069,-51.6283
20619,12280,286.61,-52.0427
20669,12257,286.597,-51.6342
20629,12278,286.829,-52.0364
20680,12252,286.637,-51.555
20685,12259,287.397,-51.7722
20689,12248,286.574,-51.465
20748,12227,287.066,-51.1569
20694,12249,286.856,-51.5217
20688,12260,287.521,-51.7925
20584,12300,287.082,-52.4763
20654,12271,287.229,-51.9692
20595,12295,287.012,-52.3638
20630,12279,287.002,-52.0838
20604,12282,286.261,-52.0434
20512,12323,286.297,-52.7963
20582,12301,287.109,-52.5017
20500,12332,286.637,-53
LINESTRING
18447,12969,289.485,-68.7698
18365,12985,287.874,-69.0704
18337,12990,288.37,-69.3487
18316,12994,287.35,-69.3241
18270,13003,287.325,-69.6411
18177,13017,283.896,-69.6626
18107,13032,285.78,-70.5199
18036,13044,284.522,-70.7973
18057,13041,286.784,-71.0416
LINESTRING
17766,13088,282.709,-72.3991
17666,13102,281.117,-72.8284
17597,13113,281.689,-73.4334
17627,13108,280.378,-72.9693
17372,13135,271.703,-72.95
17447,13124,271.975,-72.4055
17144,13151,264.429,-72.6897
17121,13151,263.305,-72.505
17176,13145,264.244,-72.3236
17197,13138,263.41,-71.8074
16968,13153,258.234,-71.9262
16842,13166,256.242,-72.3661
16790,13179,256.788,-73.2207
16852,13179,259.104,-73.5546
16797,13182,257.722,-73.5539
16688,13202,258.498,-75.0585
16577,13206,254.936,-74.8215
16527,13212,254.553,-75.2521
16626,13198,254.926,-74.2347
16527,13203,252.474,-74.2513
16434,13212,251.16,-74.7835
16287,13208,246.122,-73.8524
16056,13215,241,-73.8929
15794,13211,234.863,-73.1894
15518,13229,229.546,-74.3393
15215,13236,222.893,-74.9461
15139,13233,221.244,-74.6485
15086,13241,219.788,-75.447
14850,13241,213.935,-75.7971
14898,13246,214.76,-76.2529
14642,13242,208.079,-76.3706
14717,13247,209.528,-76.797
14672,13249,207.658,-77.2634
14446,13240,201.721,-76.969
14484,13246,201.225,-77.7791
14358,13242,196.097,-78.2241
LINESTRING
12992,13109,167.602,-73.3614
13040,13115,169.146,-73.4336
12890,13092,169.779,-72.2019
12881,13090,171.112,-71.8482
12788,13075,170.383,-71.3167
12834,13083,170.315,-71.671
12576,13042,166.618,-70.5415
LINESTRING
7959,11294,146.23,-38.6971
7896,11247,147.972,-37.8934
7908,11257,147.454,-38.0796
7887,11241,147.657,-37.8504
7890,11232,149.98,-37.5051
7711,11096,150.153,-35.701
7664,11052,150.843,-35.0667
7639,11035,150.603,-34.8658
7523,10932,151.201,-33.5108
7457,10856,152.543,-32.4442
7429,10834,152.36,-32.1867
7348,10747,153.065,-31.0584
7160,10549,153.64,-28.6384
7036,10431,153.025,-27.2942
6937,10314,153.193,-25.9317
6763,10139,151.77,-24.0209
6705,10089,150.792,-23.5096
6625,9985,150.668,-22.3471
6645,10013,150.636,-22.6604
6598,9962,150.042,-22.1254
6633,10009,150.06,-22.6584
6611,9984,149.812,-22.3821
6620,10001,149.63,-22.585
6460,9786,148.773,-20.2367
6351,9650,146.26,-18.8634
6246,9469,145.958,-16.8975
6220,9424,145.402,-16.435
6151,9287,145.348,-14.9492
LINESTRING
7991,11316,146.276,-39
LINESTRING
19533,3023,294.001,61.9549
19203,2936,291.017,63.7559
19291,2957,292.311,63.3689
19228,2941,292.085,63.7695
19461,3002,295.102,62.6317
LINESTRING
19145,2919,293.686,64.6101
19075,2901,293.323,65.0418
19120,2912,293.269,64.7207
18970,2876,292.684,65.6653
18983,2880,291.764,65.4276
18887,2857,291.633,66.0727
18923,2865,292.867,66.0182
LINESTRING
17993,2680,284.952,71.1788
17936,2670,285.384,71.6598
LINESTRING
17863,2659,283.599,71.8592
17805,2649,284.85,72.4907
17708,2635,282.425,72.7619
17728,2638,281.45,72.4384
17809,2650,282.996,72.1361
17747,2642,281.119,72.2341
17844,2656,282.269,71.7464
17685,2633,280.21,72.5047
17736,2642,279.038,71.8839
17642,2626,279.774,72.7362
17475,2603,278.452,73.724
17426,2599,275,73.3481
17508,2609,276.302,73.0072
17449,2603,274.457,73.0331
17534,2614,276.048,72.7471
17461,2605,274.298,72.9047
17623,2628,275.851,72.0066
17556,2619,274.774,72.2666
17561,2622,273.961,72.0211
17660,2635,275.519,71.6374
17740,2649,275.228,70.933
17698,2643,275,71.205
17552,2630,270.469,71.091
17650,2645,271.207,70.4981
17716,2655,272.142,70.24
17735,2653,273.618,70.5282
17820,2667,274.181,70.0093
17977,2686,278.239,69.8743
17877,2670,276.971,70.3146
18024,2693,279.067,69.7212
17942,2679,278.272,70.1458
18068,2697,281.205,69.888
17978,2682,280.399,70.3744
17951,2676,281.014,70.708
18122,2705,282.373,69.7486
18107,2702,283.007,69.9887
18149,2710,282.811,69.642
18173,2713,283.804,69.6725
18251,2727,284.412,69.2357
18295,2738,283.353,68.6949
18283,2734,284.528,69.027
18389,2753,285.769,68.5193
18383,2752,286.339,68.6648
18621,2800,287.847,67.2704
18667,2811,286.995,66.7787
18709,2819,287.948,66.6702
18673,2813,286.928,66.7207
18710,2824,285.542,66.1652
18840,2853,286.528,65.4477
18796,2848,284.197,65.2339
18711,2833,282.624,65.4715
18828,2865,281.97,64.4274
18956,2885,285.539,64.3838
18880,2866,285.393,64.9024
18994,2892,286.423,64.3138
18955,2881,286.716,64.6604
19087,2913,287.36,63.8451
19165,2930,288.8,63.5942
19159,2931,287.879,63.4421
19216,2945,288.359,63.1333
19533,3023,294.002,61.9537
LINESTRING
16897,2536,270.336,76.5718
16946,2541,271.405,76.3995
16905,2537,271.579,76.7705
16979,2544,272.388,76.336
16945,2541,272.472,76.6281
17002,2547,273.314,76.3426
16967,2543,273.39,76.6415
LINESTRING
6028,8843,150,-10.0879
6015,8817,149.71,-9.82006
6015,8799,150.013,-9.63128
5997,8785,149.238,-9.50211
5984,8737,149.251,-8.99878
5976,8744,148.603,-9.08461
5943,8645,148.13,-8.06419
5918,8585,147.176,-7.4625
5900,8515,146.95,-6.73419
5909,8509,147.857,-6.65208
5896,8456,147.625,-6.11169
5868,8393,145.759,-5.47961
5859,8333,145.805,-4.85086
LINESTRING
5909,8614,144.506,-7.81875
5900,8578,144.373,-7.43664
5906,8603,144.537,-7.69544
5900,8576,144.753,-7.40711
5909,8611,144.862,-7.78128
5923,8644,146.09,-8.09542
5993,8839,147.725,-10.1071
6031,8868,149.743,-10.3488
6051,8903,150.202,-10.7046
6050,8859,150.877,-10.23
6028,8843,150.005,-10.0879
LINESTRING
21418,3723,301.592,49.1304
21488,3757,300.73,48.4666
21498,3761,301.725,48.5133
21557,3791,300.588,47.8963
21602,3814,300.832,47.5648
LINESTRING
16603,2612,246.446,68.9991
16657,2625,246.812,68.4611
16877,2627,250.989,68.7288
16948,2615,253.406,69.4954
17074,2633,254.875,68.896
17237,2639,258.228,69.0078
17165,2626,257.709,69.5161
17157,2633,256.824,69.1038
17087,2619,256.478,69.7047
17148,2625,257.424,69.542
17168,2619,258.565,69.9353
17216,2626,259.047,69.6672
17166,2615,259.018,70.1882
16925,2588,255.513,71.0294
16737,2554,254.719,72.8263
16634,2544,253.238,73.2995
16580,2543,251.754,73.1728
16723,2570,252.245,71.6032
16522,2543,250.099,72.9753
16486,2542,249.273,72.9622
16568,2552,250.254,72.4286
16515,2548,249.316,72.5749
16520,2552,248.991,72.2816
16471,2550,247.96,72.2758
16481,2544,248.814,72.7267
16390,2538,247.212,72.9944
16334,2541,245.475,72.5761
16289,2529,245.52,73.3765
16146,2537,241.502,72.5042
16149,2548,240.878,71.7722
16225,2552,242.256,71.6695
16213,2556,241.766,71.3945
16370,2558,244.963,71.5341
16226,2562,241.67,71.0442
16281,2571,242.316,70.6316
16482,2575,246.179,70.7158
16631,2587,248.557,70.3424
16329,2583,242.635,70.0393
16411,2597,243.499,69.4075
16603,2612,246.444,69
LINESTRING
9446,11657,174.937,-41.0029
9450,11675,174.615,-41.2942
9528,11702,175.238,-41.6096
9548,11680,175.965,-41.2471
9444,11539,177.044,-39.2017
9516,11538,178.004,-39.1159
9437,11435,178.553,-37.69
9375,11420,177.983,-37.5396
9349,11453,177.152,-38.0454
9224,11419,176.04,-37.6813
9076,11326,175.495,-36.5096
9148,11383,175.576,-37.2438
9042,11349,174.658,-36.8808
9013,11311,174.869,-36.3667
8922,11266,174.32,-35.8358
8866,11214,174.332,-35.1763
8863,11227,174.105,-35.3479
8758,11178,173.399,-34.783
8766,11195,173.237,-35.0154
8699,11146,173.048,-34.4138
8672,11145,172.678,-34.4254
8951,11308,174.049,-36.3984
8905,11277,173.913,-36.0063
8974,11300,174.51,-36.2551
9004,11330,174.448,-36.6471
8964,11313,174.155,-36.4501
9043,11361,174.489,-37.0458
9079,11365,174.932,-37.0558
9048,11362,174.539,-37.0559
9149,11421,174.975,-37.7976
9213,11496,174.594,-38.8192
9192,11524,173.753,-39.2767
9354,11581,175.058,-39.9392
9446,11657,174.941,-41
LINESTRING
9654,11979,170,-46.2554
9658,11960,170.752,-45.8708
9495,11841,171.322,-44.005
9543,11840,172.213,-43.9025
9467,11811,171.669,-43.5242
9543,11840,172.217,-43.9013
9597,11842,173.081,-43.8563
9545,11825,172.652,-43.64
9501,11791,172.779,-43.1283
9469,11705,174.279,-41.7417
9420,11668,174.319,-41.215
9397,11670,173.907,-41.2809
9399,11652,174.315,-40.9963
9350,11669,173.195,-41.3329
9245,11618,172.655,-40.66
9256,11610,172.978,-40.5288
9228,11628,172.134,-40.8525
9363,11776,170.749,-43.1013
9360,11825,169.222,-43.9729
9313,11822,168.37,-44.0112
9358,11888,166.974,-45.1426
9404,11910,167.168,-45.4663
9368,11898,166.808,-45.3137
9461,11955,166.676,-46.2104
9509,11958,167.651,-46.1679
9643,12000,169.01,-46.6788
9654,11980,169.998,-46.2575
LINESTRING
17008,2551,267.833,74.9923
17130,2564,270.019,74.5295
17127,2562,271.449,74.9074
17207,2572,272.284,74.4551
17312,2582,276.409,74.5419
17268,2576,276.488,74.9031
LINESTRING
17128,2561,273.446,75.3608
17027,2550,271.235,75.6847
17054,2553,271.068,75.4288
16956,2543,270.068,76.0069
16942,2542,268.799,75.8172
16942,2542,269.806,76.062
16879,2536,268.381,76.2645
16949,2542,270.804,76.2358
16861,2534,268.528,76.4528
16852,2532,269.029,76.6519
16809,2530,266.447,76.3871
16747,2523,266.31,76.9171
16650,2516,263.199,76.9836
16772,2527,264.597,76.231
16826,2531,266.909,76.3622
17007,2551,267.83,75
LINESTRING
16147,2507,244.44,74.9946
16181,2503,245.97,75.4748
16211,2508,246.083,75.0524
16311,2510,248.958,75.278
16212,2512,245.573,74.6958
16316,2518,247.642,74.4243
16414,2515,251.202,75.074
16523,2521,254,75.0526
16477,2512,254.575,75.8539
16419,2508,253.43,76.0696
16443,2512,253.159,75.6504
16389,2509,252,75.7875
16272,2496,250.892,76.8261
16260,2499,249.585,76.3551
16380,2511,251.115,75.4804
16288,2507,248.776,75.5167
16085,2492,245.104,76.5215
16061,2493,244.101,76.2904
16116,2495,245.372,76.1701
16050,2495,243.269,75.9051
16126,2498,245.218,75.8975
16048,2498,242.783,75.5815
16129,2499,244.993,75.6992
16047,2501,242.336,75.2521
16147,2507,244.432,74.9934
LINESTRING
23538,5899,285,19.9155
23573,5872,285.857,20.2458
23449,5824,284.282,20.6812
23424,5784,284.3,21.1188
23334,5761,283.107,21.2988
23027,5599,280.208,22.9054
22903,5564,278.858,23.2062
22690,5596,275.975,22.7171
22709,5661,275.721,22.0037
22656,5670,275.048,21.8708
22737,5671,275.964,21.9063
22801,5603,277.242,22.7029
22877,5610,278.137,22.6771
22906,5628,278.352,22.4899
22869,5634,277.84,22.395
22912,5657,278.194,22.1737
23182,5721,281.249,21.6371
23278,5806,281.857,20.7587
23347,5819,282.759,20.6654
23373,5848,282.885,20.3567
23358,5894,282.262,19.842
23538,5899,285,19.9155
LINESTRING
23864,6096,288.85,17.9983
23866,6058,289.328,18.4287
23974,6087,291.355,18.2079
23967,6051,291.675,18.6066
23882,6001,290.372,19.0821
23892,5983,290.847,19.3033
23865,5982,290.256,19.2838
23832,5944,290.038,19.6812
23667,5906,287.177,19.9525
23645,5927,286.542,19.6883
23702,5953,287.299,19.4557
23718,5991,287.178,19.0372
23771,6041,287.646,18.5319
23655,6019,285.784,18.6737
23652,6042,285.517,18.425
23709,6083,286.117,18.0204
23804,6070,287.947,18.2336
23870,6133,288.574,17.6012
23864,6096,288.849,17.9975
LINESTRING
20471,12393,293.276,-55.0025
20563,12364,294.886,-54.6417
20595,12339,292.232,-53.8317
20728,12277,291.242,-52.5553
20642,12300,289.579,-52.7768
20564,12333,289.566,-53.3809
20595,12329,290.672,-53.4459
20489,12367,289.927,-54.065
20473,12381,291.036,-54.4759
20429,12396,290.652,-54.7138
20474,12377,290.545,-54.3413
20432,12392,290.233,-54.5838
20452,12375,289.072,-54.1179
20422,12393,289.881,-54.5675
20392,12400,289.248,-54.6263
20429,12385,289.183,-54.3238
20348,12408,288.041,-54.6242
20472,12393,293.276,-55
LINESTRING
17187,2594,263,71.7499
17101,2576,263.478,72.756
16999,2567,261.511,73.0091
16981,2558,263.042,73.7485
16826,2548,259.141,73.8404
16884,2556,259.575,73.4074
16829,2551,258.378,73.4957
16929,2560,260.225,73.2109
16954,2566,259.834,72.7873
16841,2557,257.772,73.0928
16859,2562,257.314,72.693
17134,2595,260.786,71.3519
17171,2597,261.822,71.4241
17122,2588,261.78,71.8954
17148,2592,261.818,71.6456
17187,2594,262.996,71.7464
LINESTRING
18842,2886,279,63.4375
18833,2878,279.865,63.7752
18757,2862,279.079,64.1224
18732,2862,278.012,63.9788
18665,2843,278.175,64.5485
18436,2800,275.491,65.4791
18452,2807,275.09,65.2145
18336,2781,274.405,65.9134
18533,2838,273.821,64.0888
18549,2852,272.835,63.5755
18602,2854,274.32,63.7133
18698,2877,274.789,63.1068
18663,2850,276.996,64.1813
18751,2871,277.506,63.6572
18842,2886,278.992,63.4356
LINESTRING
8412,11587,147.197,-42.7279
8480,11627,148.006,-43.2309
8338,11540,148.207,-41.9504
8368,11559,148.361,-42.1975
8205,11457,148.078,-40.7704
LINESTRING
5951,8451,151.053,-6.00169
5966,8394,152.12,-5.39836
5956,8355,151.949,-5.00506
5958,8291,152.405,-4.33833
5949,8271,152.168,-4.13461
5934,8277,151.49,-4.2125
5947,8342,151.686,-4.86833
5939,8401,150.897,-5.48878
5923,8403,150.093,-5.51875
5915,8352,150.092,-4.99794
5919,8403,149.871,-5.52131
5895,8405,148.317,-5.56753
5928,8477,149.607,-6.29292
5951,8451,151.053,-6.005
LINESTRING
13490,3003,205.862,56.9995
13534,2996,206.262,57.1393
13492,3014,206.028,56.7449
13641,2986,207.352,57.3046
13624,2977,207.047,57.5214
13676,2980,207.672,57.426
13696,2963,207.68,57.8311
13618,2958,206.704,57.9991
13580,2974,206.498,57.6255
13562,2965,206.148,57.8717
13550,2990,206.366,57.2743
13488,2979,205.483,57.5796
13447,2992,205.206,57.2891
13490,3003,205.861,57
LINESTRING
16747,2533,259.983,74.9874
16815,2537,262.027,75.0238
16800,2534,262.737,75.3981
16630,2516,261.507,76.6847
16642,2518,260.944,76.392
16570,2513,259.015,76.5032
16665,2522,260.086,75.8734
16545,2512,258.103,76.4477
16637,2521,259.083,75.8127
16587,2519,257.14,75.6289
16692,2525,260.37,75.6913
16685,2527,259.221,75.3551
16746,2533,259.944,74.9864
LINESTRING
16077,2543,239.666,71.9981
16241,2526,244.678,73.5408
16099,2513,242.375,74.251
16045,2515,240.874,73.9958
15917,2505,238.549,74.5566
15778,2505,235.266,74.3505
15842,2514,236.248,73.7526
15785,2538,234.009,71.966
15843,2539,235.107,71.9575
15967,2556,236.899,71.079
16083,2551,239.368,71.4921
16076,2543,239.654,71.9959
LINESTRING
16416,3390,234.327,48.9996
16508,3377,235.173,49.2554
16490,3407,234.898,48.7204
16714,3426,236.734,48.4524
16409,3315,234.555,50.3354
16059,3286,231.568,50.7855
16109,3306,231.952,50.4423
16178,3297,232.581,50.6058
16130,3324,232.082,50.1142
16225,3323,232.905,50.1463
16416,3390,234.328,49
LINESTRING
21012,12192,300.264,-52.1267
LINESTRING
15573,3070,227.574,54.9975
15618,3085,227.982,54.6912
15615,3058,228.004,55.2633
15538,3053,227.258,55.3591
15598,3048,227.856,55.4708
15445,3007,226.38,56.3595
15470,3041,226.593,55.615
15517,3041,227.064,55.6275
15488,3056,226.755,55.2897
15573,3070,227.572,54.9966
LINESTRING
15635,3174,227.999,52.8804
15672,3162,228.358,53.1066
15596,3156,227.671,53.2266
15661,3109,228.351,54.1779
15577,3139,227.513,53.5645
15607,3117,227.822,54.0167
15509,3109,226.91,54.1833
15570,3163,227.417,53.0817
15746,3211,228.955,52.1621
15635,3174,228,52.8764
LINESTRING
21781,3908,300.154,45.9983
21731,3883,299.709,46.3423
21795,3919,299.211,45.7263
21789,3917,298.836,45.7108
21735,3885,299.585,46.2933
21644,3838,299.587,47.0393
21742,3893,298.446,46.0401
21806,3927,298.707,45.5479
21781,3908,300.154,45.9941
LINESTRING
20355,12420,289.995,-55.1113
20322,12437,290.598,-55.5146
20355,12424,290.496,-55.2392
20376,12419,291.123,-55.2301
20341,12432,291.097,-55.49
20345,12436,292.019,-55.675
20391,12412,290.918,-55.0659
20429,12401,291.541,-54.933
20355,12420,289.994,-55.1108
LINESTRING
15959,2482,243,77.4387
15887,2481,240.787,77.3113
15817,2490,237.419,75.9386
15874,2488,239.146,76.2133
15932,2493,240.242,75.8764
15960,2486,242.161,76.8293
16016,2491,242.932,76.3063
16023,2484,244.649,77.3142
15959,2482,243,77.4398
LINESTRING
17688,2641,275,71.2809
17564,2622,273.904,71.9778
17468,2607,273.716,72.7028
17381,2592,275.168,73.7437
17315,2585,273.442,73.8572
17316,2589,270.851,73.183
17492,2620,270,71.4543
17629,2635,273.016,71.2153
17688,2641,274.997,71.2809
LINESTRING
16494,2503,261,77.9047
16366,2494,259.643,78.8343
16185,2484,254.548,79.3367
16244,2487,255.014,78.7968
16296,2490,256.701,78.735
16305,2492,255.564,78.2664
16341,2493,257.226,78.3965
16494,2503,261.007,77.9033
LINESTRING
20803,12173,285.128,-50.0008
20844,12161,285.611,-49.8493
20969,12094,285.278,-48.6704
20877,12137,285.127,-49.3867
20859,12136,284.532,-49.2992
20805,12170,284.943,-49.9154
20900,12131,285.439,-49.315
20803,12173,285.128,-50
LINESTRING
15308,2956,225,57.5488
15223,2937,224.098,58.0016
15302,2946,224.93,57.7746
15313,2935,225.048,58.04
15181,2928,223.641,58.2225
15227,2962,224.155,57.3887
15228,2946,224.16,57.7712
15308,2956,224.998,57.5496
LINESTRING
21024,12187,300.028,-52.0029
21115,12147,300.811,-51.4009
21097,12154,299.337,-51.3413
21058,12172,299.981,-51.7317
21055,12172,299.353,-51.6671
21053,12174,299.821,-51.7517
20995,12198,298.954,-52.0734
21024,12187,300.02,-52.0029
LINESTRING
17242,2595,265,71.982
17251,2590,266.548,72.4411
17183,2582,265.707,72.7741
17267,2589,267.9,72.7407
17196,2574,269.813,73.9152
17015,2559,264.709,73.9931
17242,2595,264.983,71.9804
LINESTRING
19837,3210,280,55.8991
19854,3207,280.758,56.0554
19878,3217,280.719,55.8499
19827,3193,281.06,56.3915
19858,3208,280.805,56.0429
19782,3179,280.747,56.6306
19837,3210,279.998,55.898
LINESTRING
22635,7971,268.94,-1.00083
22668,7945,269.218,-0.756694
22601,7848,268.638,0.165861
22574,7867,268.405,-0.009194
22635,7930,268.927,-0.614194
22583,7961,268.488,-0.904194
22635,7971,268.94,-1.00169
LINESTRING
20377,12387,287,-54.0904
20448,12366,287.854,-53.7925
20465,12350,286.958,-53.3804
20401,12370,286.331,-53.685
20379,12385,286.89,-54.0354
20419,12373,287.334,-53.8617
20377,12387,286.998,-54.0892
LINESTRING
21608,11750,285.998,-43.3817
21659,11731,286.511,-43.1484
21802,11638,286.45,-41.7988
21776,11641,285.939,-41.8013
21719,11675,285.796,-42.27
21597,11746,285.551,-43.2733
21608,11750,285.998,-43.3792
LINESTRING
15653,3032,228.426,55.836
15630,3049,228.167,55.4483
15668,3051,228.539,55.4027
15676,3040,228.637,55.6512
15669,3057,228.532,55.2792
15715,3053,228.999,55.3842
LINESTRING
20492,12339,286.997,-53.1804
20475,12351,287.518,-53.4782
20506,12337,287.377,-53.195
20604,12306,288.461,-52.7532
20562,12312,287.328,-52.7296
20492,12339,287,-53.1821
LINESTRING
22993,5331,282.596,25.9971
23018,5345,282.819,25.8558
22979,5284,282.978,26.5558
22914,5248,282.412,26.9229
22973,5285,282.87,26.5416
22993,5331,282.595,26
LINESTRING
8188,9528,180,-16.1479
8055,9589,178.497,-16.8151
8206,9589,179.935,-16.7654
8193,9560,179.929,-16.4696
8154,9582,179.478,-16.7067
8188,9528,180.004,-16.1479
LINESTRING
21716,3886,297.107,45.9971
21683,3864,298.027,46.4534
21632,3849,296.042,46.4701
21560,3811,296,47.0583
21603,3836,295.612,46.6154
21715,3886,297.104,46
LINESTRING
23516,6086,283,17.8438
23568,6083,283.815,17.9167
23494,6033,283.102,18.4129
23393,6032,281.655,18.3575
23463,6082,282.26,17.8538
23516,6086,283,17.8441
LINESTRING
12103,3212,193,53.479
12207,3184,193.728,53.9845
12142,3188,192.985,53.9647
12133,3204,193.209,53.6282
12015,3224,192.145,53.3102
12103,3212,192.997,53.4779
LINESTRING
24566,6881,298.998,10.1349
24546,6814,299.059,10.8413
24533,6824,298.328,10.7103
24551,6865,298.54,10.2957
24547,6887,298.066,10.0499
24566,6881,298.998,10.1373
LINESTRING
17609,2621,279.867,72.9989
17666,2629,280.664,72.7386
17732,2638,283.946,72.8611
17603,2619,282.59,73.5536
17490,2604,279.188,73.7543
17609,2621,279.869,73
LINESTRING
6066,8478,155,-6.21372
6096,8541,155.518,-6.84297
6111,8534,155.95,-6.76503
6042,8399,154.709,-5.40878
6066,8478,154.999,-6.21297
LINESTRING
21359,3701,298,49.0763
21333,3688,298.167,49.3146
21270,3661,297.301,49.6604
21196,3635,295.479,49.8817
21359,3701,297.998,49.0754
LINESTRING
6350,8804,159.996,-9.42872
6330,8786,159.686,-9.24961
6333,8812,159.585,-9.52419
6405,8848,160.83,-9.86169
6350,8804,160,-9.42878
LINESTRING
12747,2817,190.451,62.9916
12830,2804,191.303,63.3001
12689,2799,188.256,63.7841
12648,2813,188.262,63.3637
12747,2817,190.451,62.99
LINESTRING
15408,2979,226.021,56.9967
15441,3004,226.343,56.4358
15491,3003,226.851,56.465
15500,2983,226.969,56.9227
15407,2979,226.014,57
LINESTRING
24094,6120,294,17.9771
24086,6084,294.382,18.3887
24025,6079,292.728,18.3617
24051,6120,292.803,17.9296
24094,6120,294,17.9767
LINESTRING
6940,9369,166.592,-15.0008
6981,9434,166.764,-15.6613
7009,9423,167.245,-15.5292
6926,9334,166.608,-14.6362
6940,9369,166.592,-15
LINESTRING
8123,9706,178.647,-18.0009
8044,9637,178.183,-17.3104
7978,9697,177.246,-17.9584
8059,9730,177.898,-18.2771
8123,9706,178.647,-18.0051
LINESTRING
23067,5478,281.998,24.3204
23060,5447,282.244,24.6875
22992,5398,281.78,25.2054
23016,5451,281.535,24.5966
23067,5478,281.997,24.3204
LINESTRING
5971,8268,153,-4.09792
5902,8115,150.795,-2.55753
5948,8223,152.344,-3.64667
5978,8342,152.878,-4.85381
5971,8268,153.004,-4.09792
LINESTRING
22853,5717,277,21.4654
22887,5709,277.471,21.5717
22855,5679,277.309,21.8846
22825,5673,277.002,21.9383
22852,5717,276.993,21.4654
LINESTRING
16732,2552,254.953,72.9948
16704,2544,255.501,73.5929
16610,2538,253.443,73.7082
16610,2541,252.99,73.4708
16732,2552,254.931,72.9928
LINESTRING
17382,2649,260.994,68.9172
17548,2669,263.458,68.4517
17569,2663,264.845,68.8706
17334,2630,262.041,69.9041
17382,2649,260.99,68.9168
LINESTRING
15404,2961,226,57.4146
15385,2930,225.821,58.1574
15312,2920,225.042,58.4104
15345,2978,225.38,57.0154
15405,2961,226.002,57.4145
LINESTRING
12750,2913,194.356,59.9997
12751,2898,193.85,60.4431
12637,2912,192.536,60.2125
12689,2925,193.808,59.7486
12750,2913,194.357,59.9992
LINESTRING
12455,3143,195.998,54.6287
12535,3137,196.864,54.6804
12502,3123,196.183,55.0366
12366,3151,195.051,54.5416
12455,3143,195.997,54.6287
LINESTRING
18438,2765,284.888,67.9886
18355,2750,283.327,68.2544
18483,2778,283.011,67.2457
18518,2782,284.619,67.3529
18439,2765,284.88,67.9821
LINESTRING
18830,2897,276.998,62.8545
18835,2907,276.048,62.4649
18887,2920,276.277,62.1364
18872,2900,278.134,62.9141
18830,2897,277,62.8553
LINESTRING
24326,6323,298.401,15.9991
24324,6301,298.832,16.2491
24304,6275,298.539,16.5187
24306,6292,298.201,16.3191
24326,6323,298.4,15.9983
LINESTRING
7039,9469,167.367,-16.0008
7026,9477,167.134,-16.09
7066,9521,167.406,-16.5367
7092,9524,167.756,-16.5538
7039,9469,167.367,-16.0017
LINESTRING
11365,5626,202,21.3139
11420,5626,202.351,21.3106
11380,5587,202.016,21.7147
11329,5601,201.717,21.5771
11364,5626,201.994,21.3127
LINESTRING
16162,2486,250,77.9201
16060,2482,246.832,77.9254
16084,2485,246.802,77.5244
16170,2489,249.121,77.4081
16162,2486,249.986,77.9189
LINESTRING
16579,2509,264,77.8824
16554,2507,265.133,78.3867
16425,2498,261.846,78.8174
16514,2504,262.206,78.0334
16578,2509,263.974,77.8809
LINESTRING
16495,13206,251.983,-74.4033
16544,13199,252.315,-73.9502
16527,13194,250.95,-73.4154
16459,13204,250.504,-74.0851
LINESTRING
12911,2882,195.798,60.6789
12890,2877,195.315,60.852
12813,2891,194.577,60.5558
12828,2896,194.971,60.3895
LINESTRING
16042,2480,246.979,78.2776
16145,2484,250.775,78.4822
16081,2480,249.288,78.7616
16042,2480,246.962,78.2781
LINESTRING
20469,12369,289.129,-54.0008
20462,12377,289.799,-54.2417
20540,12343,289.545,-53.568
20469,12368,289.128,-54
LINESTRING
11665,5682,203.999,20.6982
11563,5656,203.316,20.9813
11595,5694,203.584,20.5858
11665,5682,203.999,20.6975
LINESTRING
6162,8586,156.997,-7.27956
6187,8597,157.565,-7.375
6126,8518,156.44,-6.59711
6162,8586,156.995,-7.27794
LINESTRING
6496,8944,162,-10.7971
6520,8948,162.397,-10.835
6438,8883,161.265,-10.1975
6496,8943,162,-10.7967
LINESTRING
6195,8658,157.396,-8.00128
6195,8688,157.21,-8.31756
6228,8721,157.804,-8.63544
6195,8658,157.397,-8
LINESTRING
6397,8790,160.996,-9.25964
6428,8827,161.385,-9.63003
6350,8697,160.557,-8.33461
6397,8789,160.995,-9.25878
LINESTRING
6267,8668,159,-8.07128
6323,8719,159.905,-8.57167
6228,8612,158.419,-7.51669
6267,8668,159,-8.07133
LINESTRING
11654,5850,204.213,18.9982
11829,5796,205.194,19.5191
11677,5724,204.147,20.2728
11654,5850,204.212,19
LINESTRING
20966,12090,285,-48.5804
20983,12091,285.53,-48.6517
21032,12061,285.278,-48.1371
20966,12090,285.002,-48.5804
LINESTRING
9635,12021,167.999,-47.1179
9575,11992,167.789,-46.6838
9624,12027,167.456,-47.2817
9635,12021,167.998,-47.1179
LINESTRING
13655,2957,207.128,57.9984
13752,2940,208.018,58.3516
13675,2940,207.118,58.4121
13655,2957,207.127,58
LINESTRING
13013,2637,178.997,70.8187
13199,2617,182.594,71.2442
13151,2617,180.31,71.5779
13012,2637,178.996,70.8183
LINESTRING
8762,3945,148.886,45.5213
LINESTRING
21896,4168,285.999,40.6974
21954,4170,287.367,40.7996
21934,4147,287.769,41.1609
21896,4168,286,40.6981
LINESTRING
16863,2541,263.376,74.9983
17002,2553,266.515,74.6752
16865,2537,265.498,75.6199
16863,2541,263.383,75
LINESTRING
7353,10068,167,-22.3432
7025,9843,163.998,-20.0799
7158,9967,164.944,-21.3613
7352,10068,166.997,-22.3438
LINESTRING
20077,3345,277.962,52.9998
20188,3370,279.305,52.6854
20105,3341,278.881,53.1954
20077,3345,277.961,53
LINESTRING
9524,3595,155.998,50.3813
9575,3573,156.048,50.7679
9461,3620,155.224,50.05
9524,3595,155.992,50.3813
LINESTRING
23587,5807,286.853,20.9983
23574,5776,286.982,21.3387
23554,5802,286.296,21.0175
23587,5807,286.852,20.9975
LINESTRING
19103,2955,280,61.7279
19094,2947,280.693,62.0201
19031,2930,280.398,62.4202
19103,2955,279.998,61.7311
LINESTRING
18823,12889,292.345,-66.6271
18642,12929,290.868,-67.6445
LINESTRING
16647,2514,266,77.7454
16599,2511,263.67,77.6044
16692,2518,266.435,77.4423
16647,2514,266.01,77.7428
LINESTRING
10825,3129,163.477,58.4496
10950,3095,164.734,59.0375
10907,3103,163.717,58.9975
