          0.00000000
          0.00000000
          0.00000000
          0.00000000
         -1.74740505
         84.06604004
         -0.03436849
         -0.00610298
          0.00000000
          0.00000000
          0.00000000
  428409632.00000000
 1653818727.00000000
          0.00000000
          0.00030000
         -0.00030000
         -0.00020000
          0.00020000
          0.00020000
          0.00020000
          0.00020000
          0.00020000
          0.00020000
          0.00020000
          0.00020000
          0.00020000
          0.00020000
          0.00020000
          0.00020000
          0.00020000
          0.00020000
          0.00020000
          0.00020000
          0.00020000
          0.00020000
          0.00020000
          0.00020000
          0.00020000
          0.00020000
          0.00020000
          0.00020000
          0.00020000
          0.00020000
          0.00020000
          0.00020000
          0.00020000
          0.00020000
          0.00020000
          0.00020000
          0.00020000
          0.00020000
          0.00020000
          0.00020000
          0.00020000
          0.00020000
          0.00020000
          0.00020000
          0.00020000
          0.00020000
          0.00436300
          0.00000000
          0.00050000
        100.00000000
          0.00200000
         15.00000000
          0.00000500
          0.00000500
          0.00000500
          0.00000500
          0.00000500
          0.00000500
          0.00000500
          0.00000500
          0.00000500
          0.00000500
          0.00000500
          0.00000500
          0.00000500
          0.00000500
          0.00000500
          0.00000500
          0.00000500
          0.00000500
          0.00000500
          0.00000500
          0.00000500
          0.00000500
          0.00000500
          0.00000500
          0.00000500
          0.00000500
          0.00000500
          0.00000500
          0.00000500
          0.00000500
          4.00000000
          2.00000000
          2.00000000
          0.00001000
          0.00000000
          0.01000000
          2.00000000
          3.00000000
         -0.00001000
          0.00000000
          0.01000000
          3.00000000
          2.00000000
          0.00001000
          0.00000000
          0.01000000
          3.00000000
          3.00000000
         -0.00001000
          0.00000000
          0.01000000
          0.00050000
        100.00000000
          0.00200000
         15.00000000
          0.00000500
          0.00000500
          0.00000500
          0.00000500
          0.00000500
          0.00000500
          0.00000500
          0.00000500
          0.00000500
          0.00000500
          0.00000500
          0.00000500
          0.00000500
          0.00000500
          0.00000500
          0.00000500
          0.00000500
          0.00000500
          0.00000500
          0.00000500
          0.00000500
          0.00000500
          0.00000500
          0.00000500
          0.00000500
          0.00000500
          0.00000500
          0.00000500
          0.00000500
          0.00000500
          4.00000000
          2.00000000
          2.00000000
          0.00001000
          0.00000000
          0.01000000
          2.00000000
          3.00000000
         -0.00001000
          0.00000000
          0.01000000
          3.00000000
          2.00000000
          0.00001000
          0.00000000
          0.01000000
          3.00000000
          3.00000000
         -0.00001000
          0.00000000
          0.01000000
          0.00050000
        100.00000000
          0.00100000
         15.00000000
          0.00000500
          0.00000500
          0.00000500
          0.00000500
          0.00000500
          0.00000500
          0.00000500
          0.00000500
          0.00000500
          0.00000500
          0.00000500
          0.00000500
          0.00000500
          0.00000500
          0.00000500
          0.00000500
          0.00000500
          0.00000500
          0.00000500
          0.00000500
          0.00000500
          0.00000500
          0.00000500
          0.00000500
          0.00000500
          0.00000500
          0.00000500
          0.00000500
          0.00000500
          0.00000500
          4.00000000
          2.00000000
          2.00000000
          0.00001000
          0.00000000
          0.01000000
          2.00000000
          3.00000000
         -0.00001000
          0.00000000
          0.01000000
          3.00000000
          2.00000000
          0.00001000
          0.00000000
          0.01000000
          3.00000000
          3.00000000
         -0.00001000
          0.00000000
          0.01000000
         -0.00005000
         10.00000000
          0.00100000
         15.00000000
          0.00000500
          0.00000500
          0.00000500
          0.00000500
          0.00000500
          0.00000500
          0.00000500
          0.00000500
          0.00000500
          0.00000500
          0.00000500
          0.00000500
          0.00000500
          0.00000500
          0.00000500
          0.00000500
          0.00000500
          0.00000500
          0.00000500
          0.00000500
          0.00000500
          0.00000500
          0.00000500
          0.00000500
          0.00000500
          0.00000500
          0.00000500
          0.00000500
          0.00000500
          0.00000500
          4.00000000
          2.00000000
          2.00000000
          0.00001000
          0.00000000
          0.01000000
          2.00000000
          3.00000000
         -0.00001000
          0.00000000
          0.01000000
          3.00000000
          2.00000000
          0.00001000
          0.00000000
          0.01000000
          3.00000000
          3.00000000
         -0.00001000
          0.00000000
          0.01000000
         -0.00005000
         10.00000000
          0.00100000
         15.00000000
          0.00000500
          0.00000500
          0.00000500
          0.00000500
          0.00000500
          0.00000500
          0.00000500
          0.00000500
          0.00000500
          0.00000500
          0.00000500
          0.00000500
          0.00000500
          0.00000500
          0.00000500
          0.00000500
          0.00000500
          0.00000500
          0.00000500
          0.00000500
          0.00000500
          0.00000500
          0.00000500
          0.00000500
          0.00000500
          0.00000500
          0.00000500
          0.00000500
          0.00000500
          0.00000500
          4.00000000
          2.00000000
          2.00000000
          0.00001000
          0.00000000
          0.01000000
          2.00000000
          3.00000000
         -0.00001000
          0.00000000
          0.01000000
          3.00000000
          2.00000000
          0.00001000
          0.00000000
          0.01000000
          3.00000000
          3.00000000
         -0.00001000
          0.00000000
          0.01000000
